"COUNT";"SPECIES";"YEAR";"RawCOUNT";"SCHEME";"NSITE";"NSITE_OBS";"COL_INDEX";"predicted2";"conf.low";"conf.high"
1;"Iolana debilitata";2023;1;"CBMS";NA;NA;NA;-0.2267;-0.400298842787351;0.171517031542421
1;"Iolana debilitata";2020;1;"CBMS";NA;NA;NA;-0.2267;-0.400298842787351;0.171517031542421
1;"Polyommatus daphnis";2020;1;"CBMS";NA;NA;NA;-0.2267;-0.400298842787351;0.171517031542421
1;"Limenitis sp.";2018;1;"CBMS";35;1;0.0372015327003912;-0.2267;-0.400298842787351;0.171517031542421
1;"Agrodietus sp.";2018;1;"CBMS";NA;NA;NA;-0.2267;-0.400298842787351;0.171517031542421
1;"Argynnis pandora";2022;1;"CBMS";NA;NA;NA;-0.2267;-0.400298842787351;0.171517031542421
1;"Cupido minimus";2022;1;"CBMS";NA;NA;NA;-0.2267;-0.400298842787351;0.171517031542421
1;"Cupido minimus";2020;1;"CBMS";NA;NA;NA;-0.2267;-0.400298842787351;0.171517031542421
1;"Cupido minimus";2023;1;"CBMS";NA;NA;NA;-0.2267;-0.400298842787351;0.171517031542421
1;"Hipparchia hermione";2019;1;"CBMS";NA;NA;NA;-0.2267;-0.400298842787351;0.171517031542421
1;"Aglais urticae";2021;1;"CBMS";NA;NA;NA;-0.2267;-0.400298842787351;0.171517031542421
1;"Aricia agestis";2022;1;"CBMS";NA;NA;NA;-0.2267;-0.400298842787351;0.171517031542421
1;"Polyommatus daphnis";2019;1;"CBMS";NA;NA;NA;-0.2267;-0.400298842787351;0.171517031542421
1;"Limenitis sp.";2019;1;"CBMS";38;1;0.0256744005086855;-0.2267;-0.400298842787351;0.171517031542421
1;"Limenitis sp.";2022;1;"CBMS";43;1;0.025583463659344;-0.2267;-0.400298842787351;0.171517031542421
1;"Cupido minimus";2018;1;"CBMS";NA;NA;NA;-0.2267;-0.400298842787351;0.171517031542421
1;"Melitaea parthenoides";2022;1;"CBMS";43;1;0.0298148730371316;-0.2267;-0.400298842787351;0.171517031542421
1;"Pieris mannii";2019;1;"CBMS";38;1;0.0279999278285306;-0.2267;-0.400298842787351;0.171517031542421
1;"Hamearis lucina";2018;1;"CBMS";NA;NA;NA;-0.2267;-0.400298842787351;0.171517031542421
1;"Laeosopis roboris";2021;1;"CBMS";NA;NA;NA;-0.2267;-0.400298842787351;0.171517031542421
1;"Arethusana arethusa";2020;1;"CBMS";NA;NA;NA;-0.2267;-0.400298842787351;0.171517031542421
1;"Pieris mannii";2022;1;"CBMS";43;1;0.0204678074178035;-0.2267;-0.400298842787351;0.171517031542421
1;"Limenitis camilla";2023;1;"CBMS";50;1;0.0350877208185227;-0.2267;-0.400298842787351;0.171517031542421
1;"Brenthis daphne";2019;1;"CBMS";NA;NA;NA;-0.2267;-0.400298842787351;0.171517031542421
1;"Scolitantides orion";2021;1;"CBMS";NA;NA;NA;-0.2267;-0.400298842787351;0.171517031542421
1;"Lasiommata maera";2022;1;"CBMS";NA;NA;NA;-0.2267;-0.400298842787351;0.171517031542421
1;"Aglais urticae";2022;1;"CBMS";NA;NA;NA;-0.2267;-0.400298842787351;0.171517031542421
1;"Satyrium w-album";2022;1;"CBMS";NA;NA;NA;-0.2267;-0.400298842787351;0.171517031542421
1;"Brenthis daphne";2018;1;"CBMS";NA;NA;NA;-0.2267;-0.400298842787351;0.171517031542421
1;"Pyrgus cirsii";2020;1;"CBMS";NA;NA;NA;-0.2267;-0.400298842787351;0.171517031542421
1;"Aricia agestis";2023;1;"CBMS";NA;NA;NA;-0.2267;-0.400298842787351;0.171517031542421
1;"Euphydryas desfontainii";2019;1;"CBMS";NA;NA;NA;-0.2267;-0.400298842787351;0.171517031542421
1;"Agrodietus sp.";2019;1;"CBMS";NA;NA;NA;-0.2267;-0.400298842787351;0.171517031542421
1;"Aglais urticae";2023;1;"CBMS";NA;NA;NA;-0.2267;-0.400298842787351;0.171517031542421
1;"Carcharodus floccifera";2022;1;"CBMS";NA;NA;NA;-0.2267;-0.400298842787351;0.171517031542421
1;"Phengaris arion";2020;1;"CBMS";NA;NA;NA;-0.2267;-0.400298842787351;0.171517031542421
1;"Brenthis daphne";2020;1;"CBMS";NA;NA;NA;-0.2267;-0.400298842787351;0.171517031542421
2;"Carcharodus baeticus";2019;2;"CBMS";NA;NA;NA;-0.1924;-0.364865066084753;0.204683639969403
2;"Melitaea sp.";2022;2;"CBMS";43;2;0.0783417245992438;-0.1924;-0.364865066084753;0.204683639969403
2;"Thymelicus sp.";2023;2;"CBMS";NA;NA;NA;-0.1924;-0.364865066084753;0.204683639969403
2;"Thymelicus lineola";2021;2;"CBMS";NA;NA;NA;-0.1924;-0.364865066084753;0.204683639969403
2;"Satyrium w-album";2018;2;"CBMS";NA;NA;NA;-0.1924;-0.364865066084753;0.204683639969403
2;"Thymelicus sp.";2020;2;"CBMS";NA;NA;NA;-0.1924;-0.364865066084753;0.204683639969403
2;"Lasiommata maera";2021;2;"CBMS";NA;NA;NA;-0.1924;-0.364865066084753;0.204683639969403
2;"Satyrium ilicis";2023;2;"CBMS";50;1;0.0683987163998614;-0.1924;-0.364865066084753;0.204683639969403
2;"Melitaea trivia";2023;2;"CBMS";50;2;0.0674362465477284;-0.1924;-0.364865066084753;0.204683639969403
2;"Polyommatus fulgens";2022;2;"CBMS";43;1;0.0486122928132314;-0.1924;-0.364865066084753;0.204683639969403
2;"Cupido alcetas";2022;2;"CBMS";NA;NA;NA;-0.1924;-0.364865066084753;0.204683639969403
2;"Thymelicus sp.";2018;2;"CBMS";NA;NA;NA;-0.1924;-0.364865066084753;0.204683639969403
2;"Argynnis pandora";2018;2;"CBMS";NA;NA;NA;-0.1924;-0.364865066084753;0.204683639969403
2;"Satyrus actaea";2023;2;"CBMS";48;1;0.0899004333475819;-0.1924;-0.364865066084753;0.204683639969403
2;"Aglais urticae";2019;2;"CBMS";NA;NA;NA;-0.1924;-0.364865066084753;0.204683639969403
2;"Satyrium acaciae";2023;2;"CBMS";50;1;0.0287687738560924;-0.1924;-0.364865066084753;0.204683639969403
2;"Polyommatus ripartii";2022;2;"CBMS";NA;NA;NA;-0.1924;-0.364865066084753;0.204683639969403
3;"Thymelicus sp.";2022;3;"CBMS";NA;NA;NA;-0.1581;-0.329436500176949;0.237855459191181
3;"Limenitis camilla";2019;3;"CBMS";NA;NA;NA;-0.1581;-0.329436500176949;0.237855459191181
3;"Carcharodus baeticus";2021;3;"CBMS";NA;NA;NA;-0.1581;-0.329436500176949;0.237855459191181
3;"Tomares ballus";2020;3;"CBMS";9;2;4.14232545217651;-0.1581;-0.329436500176949;0.237855459191181
3;"Carcharodus floccifera";2020;3;"CBMS";NA;NA;NA;-0.1581;-0.329436500176949;0.237855459191181
3;"Cupido minimus";2019;3;"CBMS";NA;NA;NA;-0.1581;-0.329436500176949;0.237855459191181
3;"Pyrgus cirsii";2018;3;"CBMS";NA;NA;NA;-0.1581;-0.329436500176949;0.237855459191181
3;"Pyrgus cirsii";2022;3;"CBMS";NA;NA;NA;-0.1581;-0.329436500176949;0.237855459191181
3;"Carcharodus baeticus";2023;3;"CBMS";NA;NA;NA;-0.1581;-0.329436500176949;0.237855459191181
4;"Satyrium ilicis";2022;4;"CBMS";43;3;0.1021131207816;-0.1238;-0.294013207498417;0.271032551642229
4;"Cupido minimus";2021;4;"CBMS";NA;NA;NA;-0.1238;-0.294013207498417;0.271032551642229
4;"Laeosopis roboris";2020;4;"CBMS";NA;NA;NA;-0.1238;-0.294013207498417;0.271032551642229
4;"Hesperia comma";2023;4;"CBMS";50;1;0.12456597619239;-0.1238;-0.294013207498417;0.271032551642229
4;"Hamearis lucina";2021;4;"CBMS";NA;NA;NA;-0.1238;-0.294013207498417;0.271032551642229
4;"Laeosopis roboris";2022;4;"CBMS";NA;NA;NA;-0.1238;-0.294013207498417;0.271032551642229
4;"Satyrium ilicis";2021;4;"CBMS";42;1;0.0844517772012572;-0.1238;-0.294013207498417;0.271032551642229
4;"Satyrium w-album";2023;4;"CBMS";NA;NA;NA;-0.1238;-0.294013207498417;0.271032551642229
4;"Hipparchia sp.";2018;4;"CBMS";35;2;0.129208059997865;-0.1238;-0.294013207498417;0.271032551642229
4;"Limenitis camilla";2022;4;"CBMS";NA;NA;NA;-0.1238;-0.294013207498417;0.271032551642229
4;"Satyrium acaciae";2021;4;"CBMS";42;2;0.0821704276615087;-0.1238;-0.294013207498417;0.271032551642229
4;"Carcharodus lavatherae";2019;4;"CBMS";38;3;0.119740531109994;-0.1238;-0.294013207498417;0.271032551642229
5;"Polyommatus daphnis";2018;5;"CBMS";NA;NA;NA;-0.0895;-0.258595251186227;0.30421498045962
5;"Melitaea deione";2022;5;"CBMS";43;3;0.157249761811684;-0.0895;-0.258595251186227;0.30421498045962
5;"Apatura ilia";2023;6;"CBMS";50;2;0.147995659595069;-0.0895;-0.258595251186227;0.30421498045962
5;"Hipparchia semele";2020;6;"CBMS";39;2;0.196051961245834;-0.0895;-0.258595251186227;0.30421498045962
5;"Melitaea sp.";2020;5;"CBMS";39;4;0.317157501310199;-0.0895;-0.258595251186227;0.30421498045962
5;"Hipparchia sp.";2019;5;"CBMS";38;3;0.241026080599292;-0.0895;-0.258595251186227;0.30421498045962
5;"Melitaea cinxia";2019;5;"CBMS";38;2;0.129099682576157;-0.0895;-0.258595251186227;0.30421498045962
5;"Plebejus argus";2022;5;"CBMS";43;1;0.118018382495793;-0.0895;-0.258595251186227;0.30421498045962
5;"Hamearis lucina";2020;5;"CBMS";NA;NA;NA;-0.0895;-0.258595251186227;0.30421498045962
5;"Polyommatus fulgens";2021;5;"CBMS";41;1;0.108536714003932;-0.0895;-0.258595251186227;0.30421498045962
5;"Tomares ballus";2022;5;"CBMS";43;5;0.152828115306262;-0.0895;-0.258595251186227;0.30421498045962
6;"Carcharodus baeticus";2018;6;"CBMS";NA;NA;NA;-0.0552;-0.223182695082176;0.33740280948515
6;"Melitaea parthenoides";2021;6;"CBMS";42;1;0.134935449189219;-0.0552;-0.223182695082176;0.33740280948515
6;"Pyrgus armoricanus";2022;6;"CBMS";43;2;0.155740476462436;-0.0552;-0.223182695082176;0.33740280948515
6;"Aporia crataegi";2021;6;"CBMS";41;2;0.240990331491175;-0.0552;-0.223182695082176;0.33740280948515
6;"Satyrium acaciae";2018;6;"CBMS";35;2;0.129586304616706;-0.0552;-0.223182695082176;0.33740280948515
6;"Hipparchia sp.";2021;6;"CBMS";41;4;0.426136689429784;-0.0552;-0.223182695082176;0.33740280948515
6;"Melitaea sp.";2021;6;"CBMS";42;4;0.349076645000744;-0.0552;-0.223182695082176;0.33740280948515
6;"Carcharodus baeticus";2022;6;"CBMS";NA;NA;NA;-0.0552;-0.223182695082176;0.33740280948515
6;"Carcharodus baeticus";2020;6;"CBMS";NA;NA;NA;-0.0552;-0.223182695082176;0.33740280948515
6;"Nymphalis antiopa";2023;6;"CBMS";50;1;0.111674525978816;-0.0552;-0.223182695082176;0.33740280948515
6;"Pieris mannii";2020;6;"CBMS";39;3;0.36679763322508;-0.0552;-0.223182695082176;0.33740280948515
7;"Hipparchia semele";2019;7;"CBMS";38;2;0.353681258473939;-0.0209;-0.187775603734612;0.370596103267167
7;"Pieris mannii";2018;7;"CBMS";35;2;0.147756830447652;-0.0209;-0.187775603734612;0.370596103267167
7;"Aporia crataegi";2019;7;"CBMS";38;5;0.260295901179427;-0.0209;-0.187775603734612;0.370596103267167
7;"Satyrium acaciae";2019;7;"CBMS";38;2;0.147571803104652;-0.0209;-0.187775603734612;0.370596103267167
7;"Limenitis camilla";2021;7;"CBMS";NA;NA;NA;-0.0209;-0.187775603734612;0.370596103267167
7;"Limenitis sp.";2023;7;"CBMS";50;2;0.244100311903687;-0.0209;-0.187775603734612;0.370596103267167
8;"Limenitis camilla";2018;8;"CBMS";NA;NA;NA;0.0134;-0.15237404239996;0.403794927062096
8;"Lasiommata maera";2018;8;"CBMS";NA;NA;NA;0.0134;-0.15237404239996;0.403794927062096
8;"Melitaea sp.";2023;8;"CBMS";50;5;0.280725282930329;0.0134;-0.15237404239996;0.403794927062096
8;"Pieridae";2020;8;"CBMS";38;3;2.70013777677632;0.0134;-0.15237404239996;0.403794927062096
8;"Nymphalis antiopa";2022;8;"CBMS";43;4;0.145415136405846;0.0134;-0.15237404239996;0.403794927062096
8;"Carcharodus lavatherae";2023;8;"CBMS";49;3;0.232120707381428;0.0134;-0.15237404239996;0.403794927062096
8;"Apatura ilia";2021;9;"CBMS";42;4;0.221105570147382;0.0134;-0.15237404239996;0.403794927062096
8;"Satyrium acaciae";2022;8;"CBMS";43;4;0.181301989780213;0.0134;-0.15237404239996;0.403794927062096
8;"Thymelicus sylvestris";2023;8;"CBMS";49;5;0.184322484801594;0.0134;-0.15237404239996;0.403794927062096
8;"Callophrys avis";2020;8;"CBMS";32;3;0.35091528394933;0.0134;-0.15237404239996;0.403794927062096
8;"Pieris mannii";2021;8;"CBMS";42;2;0.144638326267378;0.0134;-0.15237404239996;0.403794927062096
8;"Limenitis camilla";2020;8;"CBMS";NA;NA;NA;0.0134;-0.15237404239996;0.403794927062096
8;"Satyrus actaea";2018;8;"CBMS";35;2;0.162064182387378;0.0134;-0.15237404239996;0.403794927062096
8;"Hamearis lucina";2019;8;"CBMS";NA;NA;NA;0.0134;-0.15237404239996;0.403794927062096
8;"Carcharodus lavatherae";2022;8;"CBMS";43;6;0.226705613288194;0.0134;-0.15237404239996;0.403794927062096
9;"Lasiommata maera";2019;9;"CBMS";NA;NA;NA;0.0477;-0.116978077043914;0.436999346835631
9;"Laeosopis roboris";2019;9;"CBMS";NA;NA;NA;0.0477;-0.116978077043914;0.436999346835631
9;"Hamearis lucina";2023;9;"CBMS";NA;NA;NA;0.0477;-0.116978077043914;0.436999346835631
9;"Hesperia comma";2022;9;"CBMS";43;1;0.229739008561531;0.0477;-0.116978077043914;0.436999346835631
9;"Carcharodus lavatherae";2021;9;"CBMS";42;2;0.20248320990501;0.0477;-0.116978077043914;0.436999346835631
9;"Carcharodus lavatherae";2020;9;"CBMS";39;5;0.200783886053619;0.0477;-0.116978077043914;0.436999346835631
9;"Pyrgus sp.";2021;9;"CBMS";41;4;0.314593828126021;0.0477;-0.116978077043914;0.436999346835631
9;"Pyrgus sp.";2022;10;"CBMS";43;6;0.353392395672428;0.0477;-0.116978077043914;0.436999346835631
10;"Hipparchia sp.";2023;10;"CBMS";50;5;0.694765676498473;0.082;-0.0815877743422941;0.470209429263592
10;"Polyommatus fulgens";2020;10;"CBMS";39;2;0.210647849323964;0.082;-0.0815877743422941;0.470209429263592
10;"Melitaea parthenoides";2019;10;"CBMS";38;1;0.25090864005477;0.082;-0.0815877743422941;0.470209429263592
10;"Hipparchia semele";2022;10;"CBMS";43;3;0.509769039157798;0.082;-0.0815877743422941;0.470209429263592
10;"Callophrys avis";2019;10;"CBMS";38;3;0.310627880293409;0.082;-0.0815877743422941;0.470209429263592
10;"Hipparchia sp.";2020;10;"CBMS";39;4;0.602168016659289;0.082;-0.0815877743422941;0.470209429263592
11;"Nymphalidae";2021;11;"CBMS";42;7;0.26776214137431;0.1163;-0.0462032016815446;0.503425241732423
11;"Hesperia comma";2021;11;"CBMS";41;1;0.319700823690445;0.1163;-0.0462032016815446;0.503425241732423
11;"Favonius quercus";2023;11;"CBMS";50;5;0.266767588865488;0.1163;-0.0462032016815446;0.503425241732423
11;"Pieridae";2021;11;"CBMS";42;4;1.21927717520564;0.1163;-0.0462032016815446;0.503425241732423
11;"Hamearis lucina";2022;11;"CBMS";NA;NA;NA;0.1163;-0.0462032016815446;0.503425241732423
12;"Plebejus argus";2020;12;"CBMS";39;5;0.234869895953609;0.1506;-0.0108244271588601;0.53664685233932
12;"Tomares ballus";2023;12;"CBMS";50;8;0.336870205005148;0.1506;-0.0108244271588601;0.53664685233932
13;"Melitaea cinxia";2018;13;"CBMS";36;4;0.307624339934631;0.1849;0.0245484804180778;0.569874329891963
13;"Hipparchia sp.";2022;13;"CBMS";43;5;0.965048302294725;0.1849;0.0245484804180778;0.569874329891963
13;"Hesperia comma";2018;13;"CBMS";35;4;0.323998965868432;0.1849;0.0245484804180778;0.569874329891963
13;"Nymphalidae";2018;13;"CBMS";36;5;0.521007371742332;0.1849;0.0245484804180778;0.569874329891963
13;"Satyrus actaea";2019;13;"CBMS";38;3;0.301985589999345;0.1849;0.0245484804180778;0.569874329891963
13;"Hipparchia semele";2021;13;"CBMS";42;5;0.536204202339104;0.1849;0.0245484804180778;0.569874329891963
13;"Satyrus actaea";2022;13;"CBMS";43;1;0.592038499640775;0.1849;0.0245484804180778;0.569874329891963
14;"Carcharodus lavatherae";2018;14;"CBMS";35;4;0.403429346408467;0.2192;0.0599154515317706;0.603107743907851
14;"Plebejus argus";2019;14;"CBMS";38;5;0.253743258665989;0.2192;0.0599154515317706;0.603107743907851
14;"Pyrgus armoricanus";2023;14;"CBMS";50;6;0.322919355489361;0.2192;0.0599154515317706;0.603107743907851
14;"Aporia crataegi";2022;14;"CBMS";43;4;0.543287811553626;0.2192;0.0599154515317706;0.603107743907851
14;"Hesperia comma";2020;14;"CBMS";39;2;0.346464686792729;0.2192;0.0599154515317706;0.603107743907851
14;"Aporia crataegi";2023;14;"CBMS";50;6;0.477469867820836;0.2192;0.0599154515317706;0.603107743907851
14;"Melitaea deione";2023;14;"CBMS";50;5;0.347655555933609;0.2192;0.0599154515317706;0.603107743907851
15;"Thymelicus sylvestris";2018;15;"CBMS";35;7;2.00195150982571;0.2535;0.0952764159559956;0.636347164613207
15;"Satyrium acaciae";2020;15;"CBMS";39;3;0.359480863367784;0.2535;0.0952764159559956;0.636347164613207
15;"Tomares ballus";2021;15;"CBMS";42;7;0.577223705741009;0.2535;0.0952764159559956;0.636347164613207
15;"Melitaea parthenoides";2018;15;"CBMS";35;2;0.413491312409632;0.2535;0.0952764159559956;0.636347164613207
15;"Pieridae";2018;15;"CBMS";36;5;2.96504888338773;0.2535;0.0952764159559956;0.636347164613207
15;"Pyrgus sp.";2019;16;"CBMS";38;6;0.649834633628707;0.2535;0.0952764159559956;0.636347164613207
15;"Pyrgus armoricanus";2021;15;"CBMS";41;4;0.400134477378942;0.2535;0.0952764159559956;0.636347164613207
15;"Melanargia occitanica";2019;15;"CBMS";NA;NA;NA;0.2535;0.0952764159559956;0.636347164613207
15;"Aglais io";2023;15;"CBMS";50;8;0.340180724105181;0.2535;0.0952764159559956;0.636347164613207
16;"Hesperidae";2021;16;"CBMS";41;8;1.04077369892473;0.2878;0.130631302757341;0.669592662941442
16;"Pieridae";2019;16;"CBMS";38;5;2.76240518077017;0.2878;0.130631302757341;0.669592662941442
16;"Satyrium ilicis";2019;16;"CBMS";38;3;0.306360049240806;0.2878;0.130631302757341;0.669592662941442
16;"Polyommatus ripartii";2020;16;"CBMS";NA;NA;NA;0.2878;0.130631302757341;0.669592662941442
16;"Polyommatus fulgens";2019;16;"CBMS";38;2;0.435416695120836;0.2878;0.130631302757341;0.669592662941442
16;"Hesperidae";2019;16;"CBMS";38;7;0.823311712195633;0.2878;0.130631302757341;0.669592662941442
17;"Aglais io";2018;17;"CBMS";36;6;0.604259830092708;0.3221;0.165980040297201;0.702844310531163
17;"Plebejus argus";2021;17;"CBMS";42;2;0.313464073099388;0.3221;0.165980040297201;0.702844310531163
17;"Tomares ballus";2018;17;"CBMS";36;9;1.15573663093556;0.3221;0.165980040297201;0.702844310531163
17;"Hipparchia semele";2018;17;"CBMS";35;5;0.942303131035917;0.3221;0.165980040297201;0.702844310531163
17;"Plebejus argus";2018;17;"CBMS";35;4;0.336605991093584;0.3221;0.165980040297201;0.702844310531163
17;"Muschampia proto";2023;17;"CBMS";50;4;0.526279317567205;0.3221;0.165980040297201;0.702844310531163
18;"Hesperia comma";2019;18;"CBMS";37;3;0.504445248257347;0.3564;0.201322556234247;0.736102179723698
18;"Melitaea trivia";2022;18;"CBMS";43;1;0.421485746066087;0.3564;0.201322556234247;0.736102179723698
18;"Zerynthia rumina";2020;18;"CBMS";32;1;0.922155741010497;0.3564;0.201322556234247;0.736102179723698
18;"Apatura ilia";2020;21;"CBMS";39;7;0.570649340532921;0.3564;0.201322556234247;0.736102179723698
18;"Euphydryas desfontainii";2018;18;"CBMS";NA;NA;NA;0.3564;0.201322556234247;0.736102179723698
18;"Nymphalis antiopa";2018;18;"CBMS";36;5;0.446323003200419;0.3564;0.201322556234247;0.736102179723698
18;"Polyommatus ripartii";2021;18;"CBMS";NA;NA;NA;0.3564;0.201322556234247;0.736102179723698
19;"Erynnis tages";2021;19;"CBMS";42;7;0.571962966032105;0.3907;0.236658777527395;0.769366343560131
19;"Nymphalis polychloros";2023;19;"CBMS";50;7;0.408065551893144;0.3907;0.236658777527395;0.769366343560131
19;"Pyrgus sp.";2020;19;"CBMS";39;8;0.808771500014078;0.3907;0.236658777527395;0.769366343560131
19;"Glaucopsyche melanops";2020;19;"CBMS";34;6;1.64136503240038;0.3907;0.236658777527395;0.769366343560131
20;"Aporia crataegi";2020;20;"CBMS";39;5;0.558790681900483;0.425;0.271988630439293;0.802636875777814
20;"Glaucopsyche alexis";2020;20;"CBMS";32;8;0.807957321346863;0.425;0.271988630439293;0.802636875777814
20;"Satyrium ilicis";2020;20;"CBMS";39;5;0.390270995799696;0.425;0.271988630439293;0.802636875777814
20;"Nymphalidae";2022;20;"CBMS";43;8;0.626337205603161;0.425;0.271988630439293;0.802636875777814
21;"Satyrus actaea";2021;21;"CBMS";40;2;0.94375234946109;0.4593;0.307312040540337;0.835913850806351
21;"Muschampia proto";2019;21;"CBMS";38;4;0.762724792525921;0.4593;0.307312040540337;0.835913850806351
21;"Apatura ilia";2022;23;"CBMS";43;6;0.549291341260711;0.4593;0.307312040540337;0.835913850806351
22;"Apatura ilia";2018;22;"CBMS";35;6;0.645122575785667;0.4936;0.342628932713244;0.869197343763024
22;"Hesperidae";2022;22;"CBMS";43;8;1.15224700638992;0.4936;0.342628932713244;0.869197343763024
22;"Apatura ilia";2019;24;"CBMS";38;6;0.698271354618778;0.4936;0.342628932713244;0.869197343763024
22;"Melitaea parthenoides";2020;22;"CBMS";39;2;0.540583355427792;0.4936;0.342628932713244;0.869197343763024
22;"Cupido osiris";2019;22;"CBMS";38;4;0.605353339230981;0.4936;0.342628932713244;0.869197343763024
22;"Melitaea deione";2021;22;"CBMS";42;4;0.715627015239429;0.4936;0.342628932713244;0.869197343763024
23;"Nymphalis polychloros";2022;23;"CBMS";43;5;0.665249871370879;0.5279;0.377939231158202;0.902487430447648
23;"Hesperidae";2018;23;"CBMS";35;9;1.43676348620438;0.5279;0.377939231158202;0.902487430447648
23;"Erynnis tages";2022;23;"CBMS";43;7;0.769654135567387;0.5279;0.377939231158202;0.902487430447648
23;"Nymphalidae";2020;23;"CBMS";39;8;0.742704724479901;0.5279;0.377939231158202;0.902487430447648
23;"Callophrys avis";2018;23;"CBMS";36;9;0.720767480127569;0.5279;0.377939231158202;0.902487430447648
23;"Melitaea trivia";2021;23;"CBMS";42;3;0.486134850165655;0.5279;0.377939231158202;0.902487430447648
24;"Nymphalidae";2019;24;"CBMS";38;11;0.776354299885195;0.5622;0.413242859398605;0.935784187336825
24;"Aglais io";2022;24;"CBMS";43;7;0.620702940136225;0.5622;0.413242859398605;0.935784187336825
24;"Callophrys avis";2021;24;"CBMS";42;6;0.70769814801236;0.5622;0.413242859398605;0.935784187336825
24;"Glaucopsyche alexis";2019;24;"CBMS";38;11;0.802129882532252;0.5622;0.413242859398605;0.935784187336825
25;"Muschampia proto";2021;25;"CBMS";41;4;0.655045507393175;0.5965;0.448539740287416;0.969087691577595
25;"Cupido osiris";2023;25;"CBMS";50;5;0.701814407730772;0.5965;0.448539740287416;0.969087691577595
25;"Callophrys avis";2022;25;"CBMS";43;6;0.885915588309059;0.5965;0.448539740287416;0.969087691577595
25;"Hipparchia semele";2023;26;"CBMS";50;5;0.661058136584799;0.5965;0.448539740287416;0.969087691577595
25;"Tomares ballus";2019;25;"CBMS";38;11;2.3493707237763;0.5965;0.448539740287416;0.969087691577595
26;"Melanargia occitanica";2023;26;"CBMS";NA;NA;NA;0.6308;0.483829796014148;1.00239802098044
27;"Pyrgus sp.";2023;27;"CBMS";50;8;0.70010776865023;0.6651;0.519112948112515;1.03571525401166
27;"Pyrgus armoricanus";2019;27;"CBMS";38;3;0.843656701501202;0.6651;0.519112948112515;1.03571525401166
27;"Boloria dia";2019;27;"CBMS";38;4;0.704705472516931;0.6651;0.519112948112515;1.03571525401166
28;"Polyommatus fulgens";2018;28;"CBMS";35;2;0.646379182462091;0.6994;0.554389117468743;1.06903946978501
28;"Melanargia occitanica";2018;28;"CBMS";NA;NA;NA;0.6994;0.554389117468743;1.06903946978501
28;"Laeosopis roboris";2018;28;"CBMS";NA;NA;NA;0.6994;0.554389117468743;1.06903946978501
28;"Gegenes nostrodamus";2019;28;"CBMS";38;8;0.797403602581611;0.6994;0.554389117468743;1.06903946978501
29;"Gegenes nostrodamus";2020;29;"CBMS";39;9;0.838728382319209;0.7337;0.589658224330595;1.10237074805274
30;"Nymphalis antiopa";2020;30;"CBMS";39;6;0.840586140791785;0.768;0.624920188317093;1.13570916919582
30;"Euphydryas aurinia";2020;30;"CBMS";37;4;0.626253094024987;0.768;0.624920188317093;1.13570916919582
30;"Polyommatus ripartii";2019;30;"CBMS";NA;NA;NA;0.768;0.624920188317093;1.13570916919582
30;"Cupido osiris";2022;30;"CBMS";43;3;0.622972550680422;0.768;0.624920188317093;1.13570916919582
31;"Erynnis tages";2019;31;"CBMS";38;7;1.10576689600539;0.8023;0.660174928428993;1.1690548142135
32;"Polyommatus ripartii";2018;32;"CBMS";NA;NA;NA;0.8366;0.695422363060003;1.20240776471207
32;"Melanargia occitanica";2022;32;"CBMS";NA;NA;NA;0.8366;0.695422363060003;1.20240776471207
32;"Zerynthia rumina";2019;32;"CBMS";38;5;0.727322036122886;0.8366;0.695422363060003;1.20240776471207
32;"Satyrus actaea";2020;32;"CBMS";39;2;0.607451774108749;0.8366;0.695422363060003;1.20240776471207
33;"Cupido osiris";2021;33;"CBMS";41;5;1.02649985462069;0.8709;0.730662410008796;1.23576810289286
33;"Pyrgus malvoides";2018;37;"CBMS";36;8;1.52572507229835;0.8709;0.730662410008796;1.23576810289286
33;"Spialia sertorius";2021;33;"CBMS";42;10;1.04906882005987;0.8709;0.730662410008796;1.23576810289286
34;"Anthocharis euphenoides";2020;34;"CBMS";38;6;4.46103845307829;0.9052;0.765894986491802;1.26913591153944
35;"Hesperidae";2020;35;"CBMS";39;7;1.56827028476738;0.9395;0.80112000915683;1.30251127400399
35;"Pyrgus armoricanus";2018;35;"CBMS";35;4;1.22730342184989;0.9395;0.80112000915683;1.30251127400399
35;"Nymphalidae";2023;35;"CBMS";50;8;0.876498658369875;0.9395;0.80112000915683;1.30251127400399
36;"Cacyreus marshalli";2022;219;"CBMS";43;16;1.52766403134761;0.9738;0.836337394097527;1.33589427419287
37;"Muschampia proto";2020;37;"CBMS";39;6;1.41089712668029;1.0081;0.871547056868687;1.36928499655129
37;"Muschampia proto";2018;37;"CBMS";35;5;1.37885029554487;1.0081;0.871547056868687;1.36928499655129
37;"Callophrys avis";2023;37;"CBMS";50;3;1.13355300652914;1.0081;0.871547056868687;1.36928499655129
37;"Cupido osiris";2020;37;"CBMS";38;3;0.793991082933191;1.0081;0.871547056868687;1.36928499655129
38;"Gegenes nostrodamus";2018;38;"CBMS";35;5;1.30902075704648;1.0424;0.906748912502446;1.40268352604712
38;"Melanargia occitanica";2021;38;"CBMS";NA;NA;NA;1.0424;0.906748912502446;1.40268352604712
38;"Erynnis tages";2020;38;"CBMS";39;8;1.20978363797439;1.0424;0.906748912502446;1.40268352604712
38;"Polyommatus escheri";2023;38;"CBMS";50;9;0.935515306964897;1.0424;0.906748912502446;1.40268352604712
39;"Muschampia proto";2022;39;"CBMS";43;5;1.14855050782182;1.0767;0.941942875525357;1.43608994815379
40;"Pyrgus malvoides";2021;41;"CBMS";42;9;1.31393879363758;1.111;0.977128859976397;1.46950434883233
41;"Cacyreus marshalli";2021;132;"CBMS";41;13;1.27137863612639;1.1453;1.01230677942588;1.50292681451242
41;"Glaucopsyche alexis";2021;41;"CBMS";41;12;1.30986082678548;1.1453;1.01230677942588;1.50292681451242
41;"Gegenes nostrodamus";2021;41;"CBMS";42;5;1.07148511706958;1.1453;1.01230677942588;1.50292681451242
41;"Pieris sp.";2022;41;"CBMS";43;6;1.73103989039723;1.1453;1.01230677942588;1.50292681451242
41;"Pyrgus sp.";2018;42;"CBMS";35;5;2.00756992080158;1.1453;1.01230677942588;1.50292681451242
41;"Anthocharis euphenoides";2019;41;"CBMS";38;10;1.81752071959878;1.1453;1.01230677942588;1.50292681451242
42;"Satyrium spini";2020;42;"CBMS";39;2;1.98357241025458;1.1796;1.04747654699536;1.53635743207253
43;"Nymphalis polychloros";2018;43;"CBMS";36;14;1.43660486013538;1.2139;1.08263807537841;1.56979628881906
44;"Lysandra bellargus";2022;44;"CBMS";43;5;1.33309392135965;1.2482;1.11779127686249;1.60324347246456
44;"Anthocharis cardamines";2020;45;"CBMS";22;6;3.71667049564332;1.2482;1.11779127686249;1.60324347246456
44;"Pieris sp.";2021;44;"CBMS";42;3;1.28875544756512;1.2482;1.11779127686249;1.60324347246456
45;"Coenonympha pamphilus";2023;45;"CBMS";50;8;1.02669866015463;1.2825;1.15293606335174;1.63669907110489
45;"Polyommatus thersites";2023;45;"CBMS";50;5;1.15658857957921;1.2825;1.15293606335174;1.63669907110489
45;"Cupido osiris";2018;45;"CBMS";36;6;1.20914453227232;1.2825;1.15293606335174;1.63669907110489
46;"Satyrium spini";2023;46;"CBMS";50;3;1.1962820820027;1.3168;1.18807234639077;1.67016317319544
46;"Thymelicus sylvestris";2022;46;"CBMS";43;6;1.09205816891009;1.3168;1.18807234639077;1.67016317319544
47;"Polygonia c-album";2022;47;"CBMS";43;15;1.27384213658602;1.3511;1.22320003718952;1.70363586752627
48;"Favonius quercus";2021;49;"CBMS";41;8;1.23239575292591;1.3854;1.25831904664909;1.73711724319629
48;"Nymphalis antiopa";2019;48;"CBMS";38;7;1.32596496788205;1.3854;1.25831904664909;1.73711724319629
49;"Pieridae";2023;49;"CBMS";50;10;1.44586273645675;1.4197;1.29342928538865;1.7706073895863
49;"Pyrgus malvoides";2020;52;"CBMS";39;8;2.12543735296892;1.4197;1.29342928538865;1.7706073895863
49;"Pyrgus malvoides";2019;49;"CBMS";38;5;1.83742670843496;1.4197;1.29342928538865;1.7706073895863
50;"Erynnis tages";2018;50;"CBMS";36;8;1.61861395680895;1.454;1.32853066377341;1.80410639633112
50;"Erynnis tages";2023;50;"CBMS";50;9;1.49910622169239;1.454;1.32853066377341;1.80410639633112
50;"Satyrium ilicis";2018;50;"CBMS";35;5;1.02891662719986;1.454;1.32853066377341;1.80410639633112
52;"Cacyreus marshalli";2020;253;"CBMS";39;14;1.75489491756903;1.5226;1.39870647984446;1.87113135051923
52;"Aglais io";2021;52;"CBMS";42;11;1.14821038864974;1.5226;1.39870647984446;1.87113135051923
53;"Aglais io";2019;53;"CBMS";38;7;1.49255027738883;1.5569;1.43378073725757;1.90465747823571
54;"Cacyreus marshalli";2018;172;"CBMS";35;9;1.95706972921224;1.5912;1.46884577383281;1.93819282679004
54;"Spialia sertorius";2023;54;"CBMS";50;11;1.66118793974023;1.5912;1.46884577383281;1.93819282679004
54;"Pieris sp.";2019;54;"CBMS";38;2;3.83248090274856;1.5912;1.46884577383281;1.93819282679004
54;"Melitaea deione";2019;54;"CBMS";38;5;2.00801784969758;1.5912;1.46884577383281;1.93819282679004
55;"Pyrgus malvoides";2023;55;"CBMS";50;17;1.38437702624883;1.6255;1.50390149912178;1.97173748663066
55;"Gegenes nostrodamus";2022;55;"CBMS";43;10;1.5567757349593;1.6255;1.50390149912178;1.97173748663066
56;"Glaucopsyche melanops";2019;56;"CBMS";38;10;1.65337190237543;1.6598;1.53894782261204;2.00529154826997
57;"Melitaea phoebe";2022;57;"CBMS";43;9;1.68932143899273;1.6941;1.5739846537626;2.038855102249
57;"Pyrgus armoricanus";2020;57;"CBMS";39;6;1.4079450323813;1.6941;1.5739846537626;2.038855102249
58;"Coenonympha pamphilus";2022;58;"CBMS";43;10;1.21942223948838;1.7284;1.60901190204027;2.07242823910091
59;"Thymelicus sylvestris";2019;59;"CBMS";38;5;1.35484858496865;1.7627;1.64402947695724;2.10601104931353
61;"Melitaea phoebe";2019;61;"CBMS";38;10;2.04155624053231;1.8313;1.71403524521691;2.17320605131301
62;"Pieridae";2022;62;"CBMS";43;7;2.99470740718839;1.8656;1.74902325816285;2.20681842349665
62;"Issoria lathonia";2023;62;"CBMS";50;9;2.00925725518704;1.8656;1.74902325816285;2.20681842349665
63;"Pseudophilotes panoptes";2020;63;"CBMS";22;7;4.94212562124325;1.8999;1.78400123703673;2.24044082975235
63;"Glaucopsyche alexis";2018;63;"CBMS";36;16;2.24231621033703;1.8999;1.78400123703673;2.24044082975235
64;"Melitaea deione";2018;64;"CBMS";35;7;2.13425927832432;1.9342;1.81896909217615;2.27407335974251
64;"Nymphalis polychloros";2021;64;"CBMS";42;11;1.29670116988872;1.9342;1.81896909217615;2.27407335974251
66;"Lysandra bellargus";2023;66;"CBMS";50;6;2.4328143223564;2.0028;1.88887407410534;2.34136914807249
66;"Boloria dia";2021;66;"CBMS";42;4;1.42545966324714;2.0028;1.88887407410534;2.34136914807249
68;"Nymphalis polychloros";2020;68;"CBMS";39;16;1.68842620837926;2.0714;1.9587374932937;2.40870649914329
68;"Glaucopsyche melanops";2021;68;"CBMS";41;14;2.33274345685033;2.0714;1.9587374932937;2.40870649914329
69;"Aporia crataegi";2018;69;"CBMS";36;9;3.37728859513216;2.1057;1.99365339661255;2.44239098095402
69;"Colias alfacariensis";2023;69;"CBMS";50;8;2.04451206535004;2.1057;1.99365339661255;2.44239098095402
70;"Euphydryas aurinia";2022;70;"CBMS";43;6;1.70488626487423;2.14;2.02855864593765;2.4760861167585
70;"Hesperidae";2023;70;"CBMS";50;13;1.9528484057224;2.14;2.02855864593765;2.4760861167585
70;"Cacyreus marshalli";2023;344;"CBMS";50;14;1.86746777883848;2.14;2.02855864593765;2.4760861167585
70;"Satyrium spini";2022;70;"CBMS";43;4;1.71673987013174;2.14;2.02855864593765;2.4760861167585
72;"Spialia sertorius";2020;72;"CBMS";39;13;2.34381593575318;2.2086;2.09833683660638;2.54350869634893
73;"Pieris sp.";2023;73;"CBMS";50;6;1.62058947115699;2.2429;2.1332096065525;2.5772363115324
74;"Pyrgus malvoides";2022;74;"CBMS";43;14;1.88812107585826;2.2772;2.1680713798107;2.61097492340377
75;"Favonius quercus";2020;88;"CBMS";39;15;1.8482938591241;2.3115;2.20292207251282;2.64472461583123
76;"Euphydryas aurinia";2023;76;"CBMS";50;9;2.13713561783982;2.3458;2.23776160161572;2.67848547185792
76;"Issoria lathonia";2019;76;"CBMS";38;7;6.76123480182031;2.3458;2.23776160161572;2.67848547185792
78;"Melitaea didyma";2021;78;"CBMS";42;9;2.01565142594249;2.4144;2.30740684129096;2.74604100244183
78;"Melitaea phoebe";2023;78;"CBMS";50;9;2.5095308096617;2.4144;2.30740684129096;2.74604100244183
79;"Issoria lathonia";2022;79;"CBMS";43;5;1.8157579352024;2.4487;2.34221239037535;2.77983583848703
80;"Nymphalis antiopa";2021;80;"CBMS";42;7;1.49919225820825;2.483;2.37700645299114;2.81364216100082
81;"Spialia sertorius";2022;81;"CBMS";43;13;2.40731795639422;2.5173;2.41178895101303;2.84746004810851
82.5;"Zerynthia rumina";2021;82.5;"CBMS";42;3;1.86751655912873;NA;NA;NA
84;"Glaucopsyche melanops";2022;84;"CBMS";43;16;2.12946900736527;2.6202;2.51606629374764;2.94898386076264
84;"Lysandra sp. ";2023;84;"CBMS";50;11;3.19935176287165;2.6202;2.51606629374764;2.94898386076264
85;"Euphydryas aurinia";2021;85;"CBMS";42;7;1.91091922887822;2.6545;2.55080177583214;2.98284876380772
85;"Euphydryas aurinia";2019;85;"CBMS";38;12;2.07409234117798;2.6545;2.55080177583214;2.98284876380772
86;"Ochlodes sylvanus";2019;90;"CBMS";38;15;2.23261541002209;2.6888;2.58552532093608;3.01672560383336
86;"Melitaea phoebe";2020;86;"CBMS";39;11;2.67829485267227;2.6888;2.58552532093608;3.01672560383336
87;"Glaucopsyche melanops";2023;88;"CBMS";50;19;2.1108161788024;2.7231;2.62023685860667;3.05061445129236
87;"Melitaea phoebe";2021;87;"CBMS";42;11;2.86886369530028;2.7231;2.62023685860667;3.05061445129236
87.5;"Anthocharis euphenoides";2021;87.5;"CBMS";42;8;2.78386419895394;NA;NA;NA
88;"Spialia sertorius";2018;88;"CBMS";35;15;2.9602676215579;2.7574;2.65493631985729;3.08451537517132
89;"Satyrium spini";2021;89;"CBMS";42;4;1.98573424046925;2.7917;2.68962363722036;3.11842844293783
90;"Spialia sertorius";2019;90;"CBMS";38;16;2.77696889640749;2.826;2.72429874479967;3.1523537204881
91;"Lysandra bellargus";2021;91;"CBMS";42;8;2.4414826145829;2.8603;2.75896157832215;3.1862912720952
91;"Gegenes nostrodamus";2023;91;"CBMS";50;11;2.61088576533701;2.8603;2.75896157832215;3.1862912720952
93;"Glaucopsyche alexis";2022;93;"CBMS";43;14;2.86969662327457;2.9289;2.82825017452622;3.25420344615029
93.5;"Ochlodes sylvanus";2021;93.5;"CBMS";42;17;2.51007674661073;NA;NA;NA
94;"Melitaea trivia";2019;94;"CBMS";38;2;2.21758814334699;2.9632;2.86287581723401;3.28817818857208
94;"Ochlodes sylvanus";2018;94;"CBMS";35;10;3.02051458384543;2.9632;2.86287581723401;3.28817818857208
95;"Thymelicus sylvestris";2020;95;"CBMS";39;7;2.09604032819142;2.9975;2.89748894603569;3.32216544489998
95;"Aglais io";2020;95;"CBMS";39;9;2.29040104064985;2.9975;2.89748894603569;3.32216544489998
95;"Colias alfacariensis";2021;95;"CBMS";42;8;2.81445907431229;2.9975;2.89748894603569;3.32216544489998
97;"Nymphalis polychloros";2019;97;"CBMS";38;17;2.63155342438624;3.0661;2.96667744221415;3.39017771898069
98;"Argynnis paphia";2023;98;"CBMS";50;13;2.22969001908835;3.1004;3.00125270457659;3.42420284174783
100.5;"Polygonia c-album";2021;100.5;"CBMS";42;20;2.41815799373701;NA;NA;NA
101;"Hipparchia fagi";2023;101;"CBMS";50;8;2.44603792299168;3.2033;3.10490196080976;3.5263547409034
101;"Melitaea trivia";2020;101;"CBMS";39;2;2.2276688216881;3.2033;3.10490196080976;3.5263547409034
101;"Polyommatus thersites";2019;101;"CBMS";38;6;2.52983741738528;3.2033;3.10490196080976;3.5263547409034
101;"Polyommatus thersites";2022;101;"CBMS";43;4;2.44775511625247;3.2033;3.10490196080976;3.5263547409034
102;"Melitaea didyma";2019;102;"CBMS";38;6;4.19639922030602;3.2376;3.13942605138517;3.56043103545757
102;"Polygonia c-album";2023;102;"CBMS";50;26;2.29532136007304;3.2376;3.13942605138517;3.56043103545757
105;"Melitaea didyma";2023;105;"CBMS";50;12;2.78842320233907;3.3405;3.24292076379688;3.6627374784346
107;"Ochlodes sylvanus";2023;107;"CBMS";50;17;2.68155656198564;3.4091;3.31185224549797;3.73100676699267
107;"Anthocharis euphenoides";2018;107;"CBMS";36;12;3.84657866349214;3.4091;3.31185224549797;3.73100676699267
107;"Boloria dia";2020;107;"CBMS";39;6;2.22370968225376;3.4091;3.31185224549797;3.73100676699267
109;"Cacyreus marshalli";2019;335;"CBMS";38;8;4.44901303461725;3.4777;3.38073143907353;3.79932834367627
109;"Melitaea didyma";2022;110;"CBMS";43;8;2.70587990806654;3.4777;3.38073143907353;3.79932834367627
110;"Zerynthia rumina";2018;110;"CBMS";36;5;2.86849361432468;3.512;3.415151360945;3.83350880693438
110;"Thymelicus sylvestris";2021;110;"CBMS";42;7;2.28619880775615;3.512;3.415151360945;3.83350880693438
112;"Ochlodes sylvanus";2022;112;"CBMS";43;19;2.88110324032201;3.5806;3.48395174213262;3.90190919600593
112;"Lysandra sp. ";2018;112;"CBMS";35;8;3.11013660823474;3.5806;3.48395174213262;3.90190919600593
114;"Zerynthia rumina";2022;114;"CBMS";43;5;2.45507166425787;3.6492;3.55269938474616;3.97036232365155
115;"Lysandra bellargus";2018;115;"CBMS";35;6;3.14250064553837;3.6835;3.58705339265318;4.00460870087411
116;"Satyrium spini";2019;116;"CBMS";38;6;4.11945139900527;3.7178;3.62139417716936;4.03886830148751
117;"Issoria lathonia";2021;117;"CBMS";42;8;2.41217898816343;3.7521;3.65572173057926;4.07314113320719
117.5;"Charaxes jasius";2021;126.5;"CBMS";42;23;5.28254771886955;NA;NA;NA
118;"Limenitis reducta";2019;118;"CBMS";38;17;4.49473151310599;3.7864;3.69003604767892;4.10742720123711
118;"Glaucopsyche melanops";2018;118;"CBMS";36;16;3.93242919729152;3.7864;3.69003604767892;4.10742720123711
118;"Hipparchia fagi";2021;118;"CBMS";41;9;2.53886544145441;3.7864;3.69003604767892;4.10742720123711
120;"Boloria dia";2018;120;"CBMS";35;7;3.1089761871409;3.855;3.75862496471645;4.17603905445874
120.5;"Hipparchia statilinus";2021;120.5;"CBMS";41;18;4.09398007715493;NA;NA;NA
121;"Hipparchia fagi";2019;121;"CBMS";38;9;3.3253087170307;3.8893;3.79289956683645;4.21036483746832
124;"Argynnis paphia";2022;124;"CBMS";43;13;2.88404412139536;3.9922;3.89564401353273;4.31342154616079
125;"Satyrium spini";2018;125;"CBMS";35;6;4.62102207652078;4.0265;3.92986574215136;4.34780020267174
125;"Anthocharis cardamines";2022;125;"CBMS";43;20;2.59682152986818;4.0265;3.92986574215136;4.34780020267174
127;"Polygonia c-album";2018;127;"CBMS";36;17;4.53289745861911;4.0951;3.99826965441378;4.41659706066848
128;"Pyronia tithonus";2023;128;"CBMS";50;8;2.71626359306856;4.1294;4.03245187518225;4.45101522502959
128;"Libythea celtis";2023;145;"CBMS";50;28;2.84992038001403;4.1294;4.03245187518225;4.45101522502959
128;"Polyommatus thersites";2021;128;"CBMS";42;6;2.8490741001466;4.1294;4.03245187518225;4.45101522502959
130;"Coenonympha pamphilus";2018;130;"CBMS";36;8;3.94529663432807;4.198;4.10077695709548;4.51989091337552
130;"Ochlodes sylvanus";2020;130;"CBMS";39;15;3.98063309364163;4.198;4.10077695709548;4.51989091337552
130;"Polyommatus escheri";2022;130;"CBMS";43;8;3.77374686940017;4.198;4.10077695709548;4.51989091337552
131;"Polygonia c-album";2020;132;"CBMS";39;23;3.56025784403386;4.2323;4.13491986990974;4.55434838569085
133;"Anthocharis euphenoides";2022;133;"CBMS";43;13;3.1456175868093;4.3009;4.20316658621116;4.62330243964858
133;"Glaucopsyche alexis";2023;133;"CBMS";50;18;3.48928740257323;4.3009;4.20316658621116;4.62330243964858
135;"Melitaea trivia";2018;135;"CBMS";35;3;2.82410112463788;4.3695;4.27136137983795;4.69230841628095
136;"Charaxes jasius";2019;155;"CBMS";38;21;4.15935309630359;4.4038;4.3054393978536;4.72683078339489
139;"Libythea celtis";2022;140;"CBMS";43;23;2.9525983470124;4.5067;4.40759643251837;4.83047490411886
140;"Lysandra bellargus";2019;140;"CBMS";38;6;4.39576245618648;4.541;4.44162325455424;4.86504846721257
140;"Argynnis paphia";2021;140;"CBMS";42;14;3.11761406556373;4.541;4.44162325455424;4.86504846721257
141;"Vanessa atalanta";2019;231;"CBMS";38;25;6.56554546611254;4.5753;4.47563739552223;4.89963471137417
141;"Polyommatus thersites";2020;141;"CBMS";39;6;3.25948762043242;4.5753;4.47563739552223;4.89963471137417
141;"Lysandra sp. ";2019;141;"CBMS";38;8;4.9344452552162;4.5753;4.47563739552223;4.89963471137417
142;"Favonius quercus";2022;142;"CBMS";43;13;3.26014036204317;4.6096;4.50963890668211;4.93423358534387
142;"Coenonympha pamphilus";2019;142;"CBMS";38;6;3.79606412365931;4.6096;4.50963890668211;4.93423358534387
143;"Hipparchia statilinus";2019;143;"CBMS";38;20;5.57680315998253;4.6439;4.54362784126252;4.96884503589303
143;"Pseudophilotes panoptes";2019;143;"CBMS";38;14;3.71822776551758;4.6439;4.54362784126252;4.96884503589303
144;"Polyommatus escheri";2019;144;"CBMS";38;9;4.46026052888999;4.6782;4.57760425441564;5.0034690078695
145;"Hipparchia statilinus";2023;153;"CBMS";50;21;5.20176652078891;4.7125;4.61156820317064;5.03810544424407
146;"Anthocharis cardamines";2019;146;"CBMS";38;17;3.87679561027891;4.7468;4.64551974638622;5.07275428615808
146;"Melitaea deione";2020;146;"CBMS";39;7;4.45863873960941;4.7468;4.64551974638622;5.07275428615808
148;"Polyommatus thersites";2018;148;"CBMS";35;7;3.73293436577031;4.8154;4.71338586048872;5.14208894231474
149;"Polygonia c-album";2019;150;"CBMS";38;20;4.47528787362673;4.8497;4.74730055779865;5.17677463013439
150;"Lysandra hispana";2023;150;"CBMS";50;10;4.76848919895473;4.884;4.78120310231379;5.21147247074883
150;"Euchloe crameri";2020;190;"CBMS";38;22;8.83532104742255;4.884;4.78120310231379;5.21147247074883
154;"Libythea celtis";2021;155;"CBMS";42;20;3.46667995088107;5.0212;4.91669312020825;5.3503839933727
161;"Euchloe crameri";2022;217;"CBMS";43;25;4.33833955558039;5.2613;5.153349266696;5.59393054279201
162;"Polyommatus escheri";2018;162;"CBMS";35;12;4.92619258435439;5.2956;5.18711162234964;5.62876857226795
163;"Vanessa atalanta";2020;238;"CBMS";39;29;8.64602194075105;5.3299;5.22086280336059;5.66361777638658
163;"Limenitis reducta";2021;163;"CBMS";42;21;4.33638655639745;5.3299;5.22086280336059;5.66361777638658
163;"Pseudophilotes panoptes";2018;163;"CBMS";36;16;5.80157649414167;5.3299;5.22086280336059;5.66361777638658
164;"Melitaea didyma";2020;164;"CBMS";39;9;4.31315184309562;5.3642;5.25460289265767;5.69847807221908
164;"Hipparchia statilinus";2022;167;"CBMS";43;18;5.6052424927495;5.3642;5.25460289265767;5.69847807221908
165;"Boloria dia";2022;165;"CBMS";43;4;3.68562594389687;5.3985;5.28833197400171;5.73334937600462
171;"Colias alfacariensis";2022;171;"CBMS";43;9;4.69012703458961;5.6043;5.49048007752253;5.94280358326129
171;"Vanessa atalanta";2018;275;"CBMS";36;30;6.14569609628625;5.6043;5.49048007752253;5.94280358326129
173;"Polyommatus escheri";2020;173;"CBMS";39;9;5.20781135512858;5.6729;5.55777862370776;6.01270580733522
173;"Colias alfacariensis";2019;173;"CBMS";38;10;4.8901253367274;5.6729;5.55777862370776;6.01270580733522
174;"Coenonympha arcania";2023;174;"CBMS";50;9;4.17977737004543;5.7072;5.59141251475361;6.04767230141895
174;"Limenitis reducta";2020;174;"CBMS";39;23;6.66944871484412;5.7072;5.59141251475361;6.04767230141895
176;"Melitaea phoebe";2018;176;"CBMS";36;12;5.99742710905041;5.7758;5.65864997934837;6.11763560708335
178;"Issoria lathonia";2018;178;"CBMS";35;10;15.4871663984447;5.8444;5.72584761934746;6.18763873734342
179;"Pseudophilotes panoptes";2022;179;"CBMS";43;14;5.05476283534351;5.8787;5.75943173044214;6.22265501137833
183;"Melitaea didyma";2018;183;"CBMS";35;9;6.93053561572645;6.0159;5.89367222522469;6.3628160571141
183;"Vanessa atalanta";2023;284;"CBMS";50;37;9.07575086485273;6.0159;5.89367222522469;6.3628160571141
187;"Polyommatus escheri";2021;187;"CBMS";42;9;5.52792602262246;6.1531;6.02776354456753;6.50312627828958
190;"Anthocharis cardamines";2021;190;"CBMS";42;19;4.63785501835753;6.256;6.12823761360886;6.60845336463699
190;"Lysandra bellargus";2020;190;"CBMS";39;9;5.52874271561386;6.256;6.12823761360886;6.60845336463699
191;"Anthocharis cardamines";2023;191;"CBMS";50;26;3.64455402271398;6.2903;6.16171146409049;6.64357989928495
191;"Gonepteryx rhamni";2020;210;"CBMS";39;24;9.7559444770254;6.2903;6.16171146409049;6.64357989928495
192;"Coenonympha pamphilus";2020;192;"CBMS";39;8;8.53898873183424;6.3246;6.1951767104302;6.67871503807481
194;"Anthocharis cardamines";2018;195;"CBMS";36;18;5.76484750209559;6.3932;6.26208174568426;6.74901077307992
197;"Hipparchia fagi";2022;197;"CBMS";43;13;5.10864418187407;6.4961;6.36237697703964;6.85451669711328
198;"Coenonympha arcania";2019;198;"CBMS";38;8;3.9573263842707;6.5304;6.39579245157136;6.88970160771114
199;"Argynnis paphia";2020;199;"CBMS";39;15;4.53059113712858;6.5647;6.42919993599608;6.92489450841601
200;"Pieris napi";2022;200;"CBMS";43;12;5.10328001604259;6.599;6.46259951633862;6.96009531320305
200;"Argynnis paphia";2019;200;"CBMS";38;17;6.24067647014169;6.599;6.46259951633862;6.96009531320305
202;"Libythea celtis";2020;204;"CBMS";39;20;5.91739749272403;6.6676;6.52937530643288;7.03052029336795
207;"Limenitis reducta";2018;207;"CBMS";35;25;8.38867332001452;6.8391;6.69618238427368;7.20671514117505
208;"Hipparchia statilinus";2018;208;"CBMS";35;20;9.03934252407048;6.8734;6.72952176706202;7.24197614351629
208;"Lysandra sp. ";2021;208;"CBMS";41;10;8.04367998362311;6.8734;6.72952176706202;7.24197614351629
210;"Pyronia tithonus";2022;210;"CBMS";43;7;4.42227038498353;6.942;6.79617915207743;7.31251952876005
210;"Hipparchia statilinus";2020;220;"CBMS";39;17;8.13906722754888;6.942;6.79617915207743;7.31251952876005
210.5;"Coenonympha pamphilus";2021;210.5;"CBMS";42;9;5.6049162571336;NA;NA;NA
213;"Pyronia tithonus";2019;213;"CBMS";38;11;4.70468861632149;7.0449;6.89611297569299;7.41838686053323
215;"Euchloe crameri";2021;242;"CBMS";42;29;5.99023186485694;7.1135;6.9627016052291;7.48899900125628
217;"Charaxes jasius";2018;229;"CBMS";35;21;6.21855166275992;7.1821;7.02926381841205;7.55963755833249
217;"Zerynthia rumina";2023;217;"CBMS";50;4;4.72807913161516;7.1821;7.02926381841205;7.55963755833249
219;"Callophrys rubi";2020;219;"CBMS";28;15;12.3644695222338;7.2507;7.09580021962918;7.63030192737452
220;"Iphiclides feisthamelii";2021;315;"CBMS";42;32;6.81498883014155;7.285;7.1290589266212;7.66564360551208
223;"Gonepteryx rhamni";2022;238;"CBMS";43;27;7.08202793756931;7.3879;7.22879794863626;7.77170573888577
224;"Colias alfacariensis";2020;224;"CBMS";39;11;6.63015563280157;7.4222;7.26203216209428;7.80707191055732
224;"Favonius quercus";2019;229;"CBMS";38;17;7.81869543272935;7.4222;7.26203216209428;7.80707191055732
233.5;"Pieris brassicae";2021;295.5;"CBMS";42;32;6.96396188310835;NA;NA;NA
236;"Pieris napi";2018;236;"CBMS";35;11;9.22057716239642;7.8338;7.6603983513496;8.23191034285698
240;"Vanessa atalanta";2021;448;"CBMS";41;34;18.619348583113;7.971;7.79301659396524;8.37369364075966
240;"Euphydryas aurinia";2018;241;"CBMS";36;19;7.75761629784562;7.971;7.79301659396524;8.37369364075966
243;"Anthocharis euphenoides";2023;243;"CBMS";50;15;6.42763818811599;8.0739;7.89242843561401;8.48008295449963
244;"Issoria lathonia";2020;244;"CBMS";39;11;5.52794797626127;8.1082;7.92555615223008;8.51555562301314
245;"Pseudophilotes panoptes";2023;245;"CBMS";50;20;7.12932974501119;8.1425;7.95867918133826;8.55103297903454
249;"Hipparchia fagi";2020;249;"CBMS";39;11;5.40609844959488;8.2797;8.0911255261529;8.69298817473822
250;"Charaxes jasius";2023;293;"CBMS";50;29;8.53156756403836;8.314;8.12422593955538;8.72848814646533
255;"Coenonympha arcania";2022;255;"CBMS";43;9;4.49684701596709;8.4855;8.28966358187544;8.90605242979317
262.5;"Pseudophilotes panoptes";2021;262.5;"CBMS";42;16;7.31739139436481;NA;NA;NA
263;"Lycaenidae";2019;278;"CBMS";38;16;10.930279049219;8.76;8.55415246385107;9.19036662885419
266;"Coenonympha arcania";2018;266;"CBMS";35;9;6.25805766516631;8.8629;8.65327285654758;9.29704739154642
267.5;"Lycaenidae";2021;292.5;"CBMS";42;20;8.23331342503353;NA;NA;NA
268;"Gonepteryx rhamni";2023;284;"CBMS";50;31;6.26992879657905;8.9315;8.71933500482137;9.36818601353179
272;"Carcharodus alceae";2021;275;"CBMS";42;22;10.4139726237738;9.0687;8.85141733674845;9.51050522212304
273.5;"Pontia daplidice";2021;280.5;"CBMS";40;27;21.9820007573225;NA;NA;NA
278;"Pieris napi";2023;278;"CBMS";50;21;6.07444209870796;9.2745;9.04944071181295;9.72408415783603
279;"Libythea celtis";2019;285;"CBMS";38;24;7.37034292064935;9.3088;9.08243341758306;9.7596918371955
281;"Lysandra sp. ";2022;281;"CBMS";43;9;8.65426800732197;9.3774;9.14840956756409;9.83091645747362
284;"Lycaenidae";2018;289;"CBMS";35;17;12.3537794580722;9.4803;9.24735116729221;9.93777601313425
289;"Libythea celtis";2018;301;"CBMS";36;25;10.7126853200568;9.6518;9.41219576617933;10.115933339895
298;"Thymelicus acteon";2023;301;"CBMS";50;29;7.52899275657137;9.9605;9.70874454096805;10.4367880312725
302;"Euchloe crameri";2023;338;"CBMS";50;39;7.02724625490914;10.0977;9.84047787097716;10.5794562417818
305;"Pyronia tithonus";2021;305;"CBMS";41;11;6.27178144104731;10.2006;9.93925272277188;10.6864825453758
311;"Gonepteryx rhamni";2021;320;"CBMS";42;28;8.47437730399933;10.4064;10.1367407953518;10.9005967835733
312;"Lycaenidae";2023;941;"CBMS";50;22;14.4570820501132;10.4407;10.1696477734419;10.9362901906128
313;"Celastrina argiolus";2018;321;"CBMS";36;34;11.9214530429487;10.475;10.2025526149561;10.9719857342282
318;"Argynnis paphia";2018;318;"CBMS";35;15;10.6333772151532;10.6465;10.3670455742284;11.1504947006038
319;"Vanessa cardui";2020;344;"CBMS";39;35;11.1656219321264;10.6808;10.3999380723927;11.1862025875691
325.5;"Papilio machaon";2021;402.5;"CBMS";42;33;11.9125972121358;NA;NA;NA
326;"Carcharodus alceae";2019;347;"CBMS";38;32;15.7361846195821;10.9209;10.6301312693373;11.4362120865315
328;"Colias alfacariensis";2018;328;"CBMS";35;11;8.93007234813454;10.9895;10.6958839125104;11.5076602136176
328;"Vanessa atalanta";2022;498;"CBMS";43;42;9.3770171390206;10.9895;10.6958839125104;11.5076602136176
330;"Charaxes jasius";2022;360;"CBMS";43;25;11.6392940877995;11.0581;10.7616293568503;11.5791155395369
330;"Celastrina argiolus";2022;340;"CBMS";43;35;11.8265291101899;11.0581;10.7616293568503;11.5791155395369
333.5;"Hipparchia fidia";2021;333.5;"CBMS";41;20;10.3056664841465;NA;NA;NA
336;"Coenonympha arcania";2020;336;"CBMS";39;10;7.21924105136247;11.2639;10.9588239760709;11.7935232310937
338;"Lycaenidae";2022;432;"CBMS";43;20;12.5794732441966;11.3325;11.0245420858318;11.865005891592
339;"Charaxes jasius";2020;372;"CBMS";39;25;11.3626573801095;11.3668;11.0573986999328;11.9007496626206
341;"Pieris brassicae";2022;443;"CBMS";43;38;9.20312367358859;11.4354;11.123107129565;11.9722420032476
341;"Pieris napi";2019;341;"CBMS";38;12;10.6064190861167;11.4354;11.123107129565;11.9722420032476
345;"Lysandra sp. ";2020;345;"CBMS";39;11;11.0800270747205;11.5726;11.2545052463541;12.1152454269768
348;"Favonius quercus";2018;352;"CBMS";35;16;10.4145940483448;11.6755;11.3530379269239;12.2225139017957
349.5;"Aricia cramera";2021;351.5;"CBMS";42;25;10.894860986748;NA;NA;NA
352;"Hipparchia fagi";2018;352;"CBMS";35;17;7.74274089290105;11.8127;11.4843943959694;12.3655589732686
353;"Pyronia tithonus";2018;353;"CBMS";35;11;8.02550329179098;11.847;11.5172299599773;12.4013237943903
355;"Pieris brassicae";2020;518;"CBMS";39;33;12.0839058839593;11.9156;11.582896922282;12.4728576023447
358;"Gonepteryx rhamni";2018;392;"CBMS";36;29;12.3197845471203;12.0185;11.6813871554975;12.5801685245179
362;"Iphiclides feisthamelii";2019;605;"CBMS";38;37;12.5982887791715;12.1557;11.812688961461;12.7232682590727
369;"Gonepteryx rhamni";2019;403;"CBMS";38;27;11.2154835017645;12.3958;12.0424184914811;12.9737414249598
376;"Carcharodus alceae";2022;391;"CBMS";43;34;13.7900504734368;12.6359;12.2720895976737;13.2242730146742
376;"Brintesia circe";2023;379;"CBMS";50;38;10.3065200611805;12.6359;12.2720895976737;13.2242730146742
380;"Leptotes pirithous";2018;421;"CBMS";35;32;35.575545684193;12.7731;12.4033054571828;13.3674586956834
380;"Callophrys rubi";2022;380;"CBMS";43;28;10.7624495935918;12.7731;12.4033054571828;13.3674586956834
383;"Carcharodus alceae";2018;390;"CBMS";35;26;17.3579092940064;12.876;12.5017060371386;13.4748592711164
387;"Brintesia circe";2022;393;"CBMS";43;36;12.6349744829778;13.0132;12.6328922295113;13.618074619262
389;"Pyronia tithonus";2020;389;"CBMS";39;10;7.49799982013838;13.0818;12.698479247342;13.6896883716904
390;"Euchloe crameri";2019;432;"CBMS";38;30;10.3584683701699;13.1161;12.7312712688919;13.7254967352701
396;"Coenonympha arcania";2021;396;"CBMS";42;11;7.85935618753471;13.3219;12.9280031338249;13.9403671811146
396;"Iphiclides feisthamelii";2020;603;"CBMS";39;36;14.1745094644659;13.3219;12.9280031338249;13.9403671811146
403;"Boloria dia";2023;403;"CBMS";50;6;8.50755811286316;13.562;13.1574815363341;14.1910914745124
415;"Coenonympha dorus";2020;415;"CBMS";39;12;18.5002207738171;13.9736;13.55077507218;14.6210025602215
418;"Pieris napi";2021;418;"CBMS";42;20;9.17510668229198;14.0765;13.6490803142052;14.7284984735851
423;"Coenonympha dorus";2021;423;"CBMS";42;12;10.6791028803316;14.248;13.8129071597877;14.9076735536505
425;"Brintesia circe";2018;427;"CBMS";35;29;20.5499763204418;14.3166;13.8784327180159;14.9793487656815
434.5;"Callophrys rubi";2021;434.5;"CBMS";42;27;10.2643726463613;NA;NA;NA
445;"Coenonympha dorus";2022;445;"CBMS";43;9;10.7761578381253;15.0026;14.5335371452903;15.6962520409987
448;"Callophrys rubi";2019;448;"CBMS";38;31;15.401076261427;15.1055;14.6317806680232;15.8038096736545
455;"Leptidea sinapis";2021;455;"CBMS";42;23;11.3588667128365;15.3456;14.8609948423103;16.0547981952744
459;"Vanessa cardui";2018;531;"CBMS";36;33;22.1328547493034;15.4828;14.991961821503;16.1982327566001
460;"Lampides boeticus";2019;741;"CBMS";38;30;24.0429197696642;15.5171;15.0247021843599;16.2340927788728
463;"Celastrina argiolus";2019;487;"CBMS";38;29;14.3645434978245;15.62;15.1229200241829;16.3416760944385
465;"Leptidea sinapis";2022;465;"CBMS";43;21;12.1238520687739;15.6886;15.1883959181746;16.413400970706
469;"Aricia cramera";2022;475;"CBMS";43;26;15.1061558729826;15.8258;15.3193414534205;16.5568569759785
475;"Pontia daplidice";2020;485;"CBMS";39;33;24.5428707070872;16.0316;15.5157445915908;16.7720561485856
479;"Coenonympha dorus";2019;479;"CBMS";38;15;17.1170238364139;16.1688;15.6466702566774;16.9155320240173
488.5;"Lysandra hispana";2021;488.5;"CBMS";41;12;15.9304623757462;NA;NA;NA
489;"Pontia daplidice";2019;538;"CBMS";38;34;36.3222447803858;16.5118;15.9739519072264;17.2742542247642
491.5;"Celastrina argiolus";2021;501.5;"CBMS";42;35;14.5721284279772;NA;NA;NA
497;"Brintesia circe";2021;498;"CBMS";42;34;14.6577303508357;16.7862;16.2357455321405;17.5612636808867
501;"Callophrys rubi";2023;501;"CBMS";50;36;10.6135015653266;NA;NA;NA
505;"Carcharodus alceae";2020;515;"CBMS";39;27;20.4424526027526;NA;NA;NA
506;"Aricia cramera";2020;528;"CBMS";39;31;16.4261440248856;NA;NA;NA
509;"Euchloe crameri";2018;560;"CBMS";36;31;16.5522715153495;NA;NA;NA
511;"Iphiclides feisthamelii";2018;696;"CBMS";36;34;20.8803501351164;NA;NA;NA
512;"Limenitis reducta";2022;512;"CBMS";43;29;14.924987495346;NA;NA;NA
515;"Celastrina argiolus";2020;553;"CBMS";39;36;16.2773678230187;NA;NA;NA
516;"Hipparchia fidia";2019;516;"CBMS";38;20;15.6159904764726;NA;NA;NA
516;"Brintesia circe";2019;518;"CBMS";38;30;17.1987022739706;NA;NA;NA
521.5;"Lampides boeticus";2021;746.5;"CBMS";41;32;18.3631039258996;NA;NA;NA
522;"Papilio machaon";2022;706;"CBMS";43;40;18.2544728264567;NA;NA;NA
529;"Vanessa cardui";2023;569;"CBMS";50;47;14.6916349089783;NA;NA;NA
530;"Iphiclides feisthamelii";2022;693;"CBMS";43;40;15.8803997157643;NA;NA;NA
532;"Thymelicus acteon";2018;536;"CBMS";35;29;17.5320218583926;NA;NA;NA
536;"Lycaenidae";2020;576;"CBMS";39;17;15.0158170515175;NA;NA;NA
543;"Papilio machaon";2019;799;"CBMS";38;33;22.4856572946286;NA;NA;NA
548;"Pieris napi";2020;549;"CBMS";39;18;16.1457334677315;NA;NA;NA
554;"Callophrys rubi";2018;554;"CBMS";36;32;19.7270001363962;NA;NA;NA
559;"Hipparchia fidia";2020;559;"CBMS";39;19;16.4714874293391;NA;NA;NA
562;"Papilio machaon";2023;705;"CBMS";50;46;16.9793953527009;NA;NA;NA
562;"Pieris brassicae";2019;729;"CBMS";38;37;21.0368076058376;NA;NA;NA
576;"Pontia daplidice";2018;587;"CBMS";36;29;29.5569575415181;NA;NA;NA
576;"Leptotes pirithous";2020;829;"CBMS";39;34;30.8617216549843;NA;NA;NA
579;"Thymelicus acteon";2021;588;"CBMS";42;34;13.7469548163381;NA;NA;NA
586;"Coenonympha dorus";2023;586;"CBMS";50;14;14.1881766225554;NA;NA;NA
587.5;"Leptotes pirithous";2021;923.5;"CBMS";40;34;39.5442232466756;NA;NA;NA
592;"Leptotes pirithous";2022;1275;"CBMS";30;26;102.704959200513;NA;NA;NA
594;"Thymelicus acteon";2022;595;"CBMS";43;35;16.0179436423076;NA;NA;NA
596;"Aricia cramera";2019;634;"CBMS";38;29;23.2480642317231;NA;NA;NA
619;"Gonepteryx sp.";2021;631;"CBMS";42;38;17.308539681364;NA;NA;NA
626;"Lysandra hispana";2022;626;"CBMS";43;11;16.622192393589;NA;NA;NA
628;"Pieris brassicae";2023;706;"CBMS";50;44;29.1963748925241;NA;NA;NA
639;"Limenitis reducta";2023;646;"CBMS";50;38;16.620048680424;NA;NA;NA
640;"Hipparchia fidia";2022;643;"CBMS";43;21;19.1734515601926;NA;NA;NA
651;"Lycaena phlaeas";2018;665;"CBMS";36;29;29.1644904995066;NA;NA;NA
665;"Aricia cramera";2023;703;"CBMS";50;40;19.5907129360422;NA;NA;NA
670;"Thymelicus acteon";2019;686;"CBMS";38;33;17.5115566608504;NA;NA;NA
674.5;"Vanessa cardui";2021;786.5;"CBMS";42;40;22.1259688742655;NA;NA;NA
676;"Melanargia lachesis";2023;682;"CBMS";50;28;16.1836736479839;NA;NA;NA
693;"Lampides boeticus";2018;767;"CBMS";35;31;29.8650544200847;NA;NA;NA
698;"Leptidea sinapis";2018;698;"CBMS";36;21;20.197020977363;NA;NA;NA
715;"Lysandra hispana";2019;715;"CBMS";38;11;23.0440618652086;NA;NA;NA
717;"Papilio machaon";2018;871;"CBMS";36;34;30.4814701897467;NA;NA;NA
719;"Lysandra hispana";2018;719;"CBMS";35;12;21.0531586222824;NA;NA;NA
728;"Thymelicus acteon";2020;753;"CBMS";39;32;19.8029576083472;NA;NA;NA
729;"Leptidea sinapis";2019;729;"CBMS";38;22;20.2714812426062;NA;NA;NA
729;"Lycaena phlaeas";2022;753;"CBMS";43;36;23.3848088287568;NA;NA;NA
730;"Lampides boeticus";2022;1085;"CBMS";43;36;33.4702340455348;NA;NA;NA
745;"Lycaena phlaeas";2019;770;"CBMS";38;33;29.876078429983;NA;NA;NA
753;"Aricia cramera";2018;763;"CBMS";35;28;29.3089568362282;NA;NA;NA
769;"Lysandra hispana";2020;769;"CBMS";39;12;21.5727623776714;NA;NA;NA
773;"Vanessa cardui";2022;1010;"CBMS";43;43;24.2863854647223;NA;NA;NA
781;"Maniola jurtina";2023;782;"CBMS";50;39;19.959388200042;NA;NA;NA
781;"Leptotes pirithous";2019;1139;"CBMS";37;33;69.552125697579;NA;NA;NA
783;"Lampides boeticus";2020;1116;"CBMS";39;35;22.6192849385688;NA;NA;NA
786.5;"Lycaena phlaeas";2021;791.5;"CBMS";42;36;24.416749905515;NA;NA;NA
796;"Brintesia circe";2020;798;"CBMS";39;34;23.4756351687736;NA;NA;NA
811;"Lampides boeticus";2023;1157;"CBMS";50;40;33.1429413421552;NA;NA;NA
838;"Gonepteryx sp.";2020;874;"CBMS";39;34;30.7734750649918;NA;NA;NA
847;"Carcharodus alceae";2023;879;"CBMS";50;42;27.091790085187;NA;NA;NA
858;"Hipparchia fidia";2023;870;"CBMS";50;26;27.3559729457977;NA;NA;NA
864;"Leptidea sinapis";2023;864;"CBMS";50;24;21.2703622107323;NA;NA;NA
871;"Gonepteryx sp.";2022;919;"CBMS";43;40;29.2695566189978;NA;NA;NA
882;"Vanessa cardui";2019;1090;"CBMS";38;36;37.4329231300391;NA;NA;NA
896;"Gonepteryx sp.";2019;897;"CBMS";38;35;25.442517291072;NA;NA;NA
912;"Colias crocea";2023;975;"CBMS";50;43;75.3609025534177;NA;NA;NA
913;"Hipparchia fidia";2018;917;"CBMS";35;21;28.8917802657351;NA;NA;NA
922;"Papilio machaon";2020;1138;"CBMS";39;36;36.2913185729024;NA;NA;NA
933;"Iphiclides feisthamelii";2023;1202;"CBMS";50;48;22.6884422456438;NA;NA;NA
955;"Coenonympha dorus";2018;955;"CBMS";35;15;34.6714802284989;NA;NA;NA
988.5;"Colias crocea";2021;1027.5;"CBMS";42;39;44.3529043427472;NA;NA;NA
1023;"Celastrina argiolus";2023;1056;"CBMS";50;45;24.5458592959565;NA;NA;NA
1032;"Melanargia lachesis";2021;1032;"CBMS";42;26;30.5572909608242;NA;NA;NA
1058;"Satyrium esculi";2023;1059;"CBMS";50;36;23.1025686133106;NA;NA;NA
1075;"Lycaena phlaeas";2020;1090;"CBMS";39;33;39.1837197691823;NA;NA;NA
1080;"Melanargia lachesis";2022;1083;"CBMS";43;25;28.0383247472445;NA;NA;NA
1140;"Colias crocea";2022;1246;"CBMS";43;43;45.3738502709092;NA;NA;NA
1150.5;"Gonepteryx cleopatra";2021;1182.5;"CBMS";42;38;31.4028005333862;NA;NA;NA
1222;"Gonepteryx sp.";2023;1366;"CBMS";50;47;30.7202636909286;NA;NA;NA
1231;"Lycaena phlaeas";2023;1257;"CBMS";50;45;32.6359382750465;NA;NA;NA
1238;"Gonepteryx sp.";2018;1238;"CBMS";36;35;39.608484965077;NA;NA;NA
1265;"Melanargia lachesis";2020;1268;"CBMS";39;28;38.2349876646538;NA;NA;NA
1308;"Colias crocea";2019;1363;"CBMS";38;37;69.318253351947;NA;NA;NA
1318;"Pontia daplidice";2022;1367;"CBMS";43;38;76.5592977509551;NA;NA;NA
1319;"Melanargia lachesis";2019;1319;"CBMS";38;25;41.9678822649532;NA;NA;NA
1351;"Pyronia cecilia";2023;1372;"CBMS";50;37;30.2627828002155;NA;NA;NA
1356;"Pieris brassicae";2018;1762;"CBMS";36;36;75.7926231036577;NA;NA;NA
1407;"Polyommatus icarus";2022;1812;"CBMS";43;37;53.1867635596465;NA;NA;NA
1407;"Polyommatus icarus";2023;1730;"CBMS";50;45;62.1223563845497;NA;NA;NA
1412;"Leptidea sinapis";2020;1412;"CBMS";39;26;41.009681200617;NA;NA;NA
1442;"Melanargia lachesis";2018;1445;"CBMS";35;23;61.7576301400165;NA;NA;NA
1493;"Leptotes pirithous";2023;2453;"CBMS";41;38;197.225093582877;NA;NA;NA
1525;"Gonepteryx cleopatra";2019;1629;"CBMS";38;35;45.2971996673879;NA;NA;NA
1553;"Polyommatus icarus";2021;1801;"CBMS";42;37;50.4098323760348;NA;NA;NA
1572;"Maniola jurtina";2022;1578;"CBMS";43;38;44.9520695783318;NA;NA;NA
1589;"Gonepteryx cleopatra";2022;1682;"CBMS";43;39;49.7652591537513;NA;NA;NA
1602;"Gonepteryx cleopatra";2020;1799;"CBMS";39;38;55.9127634645615;NA;NA;NA
1602;"Colias crocea";2018;1729;"CBMS";35;35;87.9625688863372;NA;NA;NA
1626;"Pararge aegeria";2022;1869;"CBMS";43;41;50.4166114739973;NA;NA;NA
1791;"Maniola jurtina";2019;1792;"CBMS";38;34;55.3505739325957;NA;NA;NA
1865;"Pararge aegeria";2018;2224;"CBMS";36;31;76.9683725642978;NA;NA;NA
1942;"Pyronia bathseba";2023;1958;"CBMS";50;38;44.3562361999817;NA;NA;NA
1942;"Maniola jurtina";2018;1947;"CBMS";35;32;78.6645438028872;NA;NA;NA
1967;"Pararge aegeria";2019;2539;"CBMS";38;35;83.1472241959763;NA;NA;NA
1977;"Maniola jurtina";2021;1978;"CBMS";42;37;52.5497893750557;NA;NA;NA
1996.5;"Satyrium esculi";2021;1996.5;"CBMS";42;34;42.5423007599642;NA;NA;NA
2015;"Gonepteryx cleopatra";2023;2241;"CBMS";50;49;52.6488364826818;NA;NA;NA
2067;"Lasiommata megera";2021;2251;"CBMS";42;41;63.1093951345122;NA;NA;NA
2082;"Pontia daplidice";2023;2171;"CBMS";50;48;129.155860855616;NA;NA;NA
2083;"Polyommatus icarus";2018;2307;"CBMS";35;33;107.554629506968;NA;NA;NA
2174;"Pyronia cecilia";2022;2242;"CBMS";43;34;64.8584966163917;NA;NA;NA
2248;"Pararge aegeria";2023;2358;"CBMS";50;47;52.5419128514807;NA;NA;NA
2331;"Polyommatus icarus";2019;2795;"CBMS";38;36;100.309931654106;NA;NA;NA
2362;"Gonepteryx cleopatra";2018;2518;"CBMS";36;34;80.2541695995606;NA;NA;NA
2520;"Lasiommata megera";2022;2677;"CBMS";43;41;75.491383510562;NA;NA;NA
2547;"Pyronia cecilia";2018;2598;"CBMS";35;28;91.5547989122607;NA;NA;NA
2573;"Pararge aegeria";2021;2857;"CBMS";42;39;83.4262370467031;NA;NA;NA
2854;"Lasiommata megera";2019;3488;"CBMS";38;38;95.8799431258022;NA;NA;NA
2873;"Satyrium esculi";2022;2873;"CBMS";43;35;63.4001809956993;NA;NA;NA
2879;"Colias crocea";2020;2966;"CBMS";39;39;106.105071443964;NA;NA;NA
2938;"Lasiommata megera";2018;3239;"CBMS";36;36;100.564971443293;NA;NA;NA
2963;"Lasiommata megera";2023;3167;"CBMS";50;50;83.2986858457831;NA;NA;NA
2988;"Pyronia cecilia";2019;3083;"CBMS";38;32;84.5450041041452;NA;NA;NA
3011;"Pyronia bathseba";2022;3050;"CBMS";43;33;66.5168767095711;NA;NA;NA
3053.5;"Pyronia cecilia";2021;3104.5;"CBMS";41;33;90.6767178035378;NA;NA;NA
3080;"Pieris rapae";2021;3760;"CBMS";42;42;106.685358900532;NA;NA;NA
3304;"Pyronia bathseba";2020;3326;"CBMS";39;31;92.9355006081451;NA;NA;NA
3461;"Pyronia bathseba";2021;3482;"CBMS";42;35;73.3728808981636;NA;NA;NA
3470;"Pyronia bathseba";2019;3503;"CBMS";38;34;73.6941979145205;NA;NA;NA
3485;"Maniola jurtina";2020;3492;"CBMS";39;37;97.5614223700369;NA;NA;NA
3555;"Satyrium esculi";2020;3562;"CBMS";39;35;97.0918112418977;NA;NA;NA
3564;"Pieris rapae";2019;4498;"CBMS";38;38;155.221362807055;NA;NA;NA
3667;"Polyommatus icarus";2020;3966;"CBMS";39;37;118.984274001559;NA;NA;NA
3843;"Pararge aegeria";2020;4931;"CBMS";39;38;138.034512573286;NA;NA;NA
3957;"Pyronia bathseba";2018;3971;"CBMS";35;33;114.710720218529;NA;NA;NA
4284;"Pyronia cecilia";2020;4483;"CBMS";39;32;135.937125866522;NA;NA;NA
4294;"Lasiommata megera";2020;4796;"CBMS";39;39;166.553568295174;NA;NA;NA
5328;"Pieris rapae";2018;6375;"CBMS";36;36;240.569958608604;NA;NA;NA
5961;"Pieris rapae";2022;7556;"CBMS";43;43;197.019297853386;NA;NA;NA
6329;"Pieris rapae";2020;7707;"CBMS";39;39;238.161127328572;NA;NA;NA
8588;"Satyrium esculi";2019;8594;"CBMS";38;37;204.299763042036;NA;NA;NA
8943;"Pieris rapae";2023;10423;"CBMS";50;50;261.188894269838;NA;NA;NA
11861;"Satyrium esculi";2018;11866;"CBMS";35;33;349.354367918117;NA;NA;NA
1;"Brintesia circe";2021;498;"uBMS";21;1;0.070406846230213;0.119;-0.222595497489309;0.685274303521623
1;"Hipparchia semele";2020;6;"uBMS";NA;NA;0.119;0.119;-0.222595497489309;0.685274303521623
1;"Apatura ilia";2021;9;"uBMS";18;1;0.0411157981849447;0.119;-0.222595497489309;0.685274303521623
1;"Apatura ilia";2023;6;"uBMS";28;1;0.035110239862374;0.119;-0.222595497489309;0.685274303521623
1;"Polygonia c-album";2020;132;"uBMS";24;1;0.104348703497861;0.119;-0.222595497489309;0.685274303521623
1;"Maniola jurtina";2021;1978;"uBMS";20;1;0.132885597531304;0.119;-0.222595497489309;0.685274303521623
1;"Anthocharis cardamines";2020;45;"uBMS";NA;NA;0.119;0.119;-0.222595497489309;0.685274303521623
1;"Satyrium esculi";2023;1059;"uBMS";28;1;0.0300982052987957;0.119;-0.222595497489309;0.685274303521623
1;"Euphydryas aurinia";2018;241;"uBMS";NA;NA;0.119;0.119;-0.222595497489309;0.685274303521623
1;"Pyrgus malvoides";2021;41;"uBMS";21;1;0.0689655172413793;0.119;-0.222595497489309;0.685274303521623
1;"Pyrgus sp.";2018;42;"uBMS";17;1;0.0762502847467859;0.119;-0.222595497489309;0.685274303521623
1;"Melitaea didyma";2022;110;"uBMS";27;1;0.0689655172413793;0.119;-0.222595497489309;0.685274303521623
1;"Pyrgus sp.";2019;16;"uBMS";NA;NA;0.119;0.119;-0.222595497489309;0.685274303521623
1;"Polygonia c-album";2019;150;"uBMS";22;1;0.0869989546041415;0.119;-0.222595497489309;0.685274303521623
1;"Maniola jurtina";2019;1792;"uBMS";21;1;0.131417238706619;0.119;-0.222595497489309;0.685274303521623
1;"Hipparchia semele";2023;26;"uBMS";28;1;0.0344827586206897;0.119;-0.222595497489309;0.685274303521623
1;"Libythea celtis";2022;140;"uBMS";27;1;0.0656972252504875;0.119;-0.222595497489309;0.685274303521623
1;"Pyrgus sp.";2022;10;"uBMS";27;1;0.721867969529173;0.119;-0.222595497489309;0.685274303521623
1;"Pieris napi";2020;549;"uBMS";25;1;0.0689655172413793;0.119;-0.222595497489309;0.685274303521623
1;"Anthocharis cardamines";2018;195;"uBMS";22;1;0.103448275862069;0.119;-0.222595497489309;0.685274303521623
1;"Gonepteryx sp.";2019;897;"uBMS";22;1;0.0677801085155049;0.119;-0.222595497489309;0.685274303521623
1;"Favonius quercus";2021;49;"uBMS";21;1;0.0859821463565541;0.119;-0.222595497489309;0.685274303521623
1;"Thymelicus acteon";2022;595;"uBMS";27;1;0.082461616524075;0.119;-0.222595497489309;0.685274303521623
1;"Maniola jurtina";2023;782;"uBMS";28;1;0.0359610578139911;0.119;-0.222595497489309;0.685274303521623
1;"Melanargia sp.";2018;1;"uBMS";NA;NA;0.119;0.119;-0.222595497489309;0.685274303521623
1;"Danaus plexippus";2023;1;"uBMS";NA;NA;0.119;0.119;-0.222595497489309;0.685274303521623
1;"Melanargia sp.";2023;1;"uBMS";NA;NA;0.119;0.119;-0.222595497489309;0.685274303521623
1;"Libythea celtis";2021;155;"uBMS";22;1;0.0832708676424174;0.119;-0.222595497489309;0.685274303521623
1;"Glaucopsyche melanops";2023;88;"uBMS";29;1;0.0689655172413793;0.119;-0.222595497489309;0.685274303521623
2;"Apatura ilia";2019;24;"uBMS";21;1;0.0768924256618486;0.1852;-0.154340942110911;0.749308002769487
2;"Pyronia sp";2018;2;"uBMS";21;2;0.100507603544738;0.1852;-0.154340942110911;0.749308002769487
2;"Apatura ilia";2022;23;"uBMS";27;1;0.0756750314337492;0.1852;-0.154340942110911;0.749308002769487
2;"Brintesia circe";2018;427;"uBMS";20;2;0.179916986389479;0.1852;-0.154340942110911;0.749308002769487
2;"Aricia cramera";2021;351.5;"uBMS";21;2;0.136339487179992;0.1852;-0.154340942110911;0.749308002769487
2;"Brintesia circe";2020;798;"uBMS";25;1;0.0793200478162513;0.1852;-0.154340942110911;0.749308002769487
2;"Brintesia circe";2019;518;"uBMS";18;2;0.173642759425062;0.1852;-0.154340942110911;0.749308002769487
2;"Libythea celtis";2020;204;"uBMS";23;1;0.112636945953599;0.1852;-0.154340942110911;0.749308002769487
2;"Pyronia sp";2021;2;"uBMS";21;2;0.143543637212569;0.1852;-0.154340942110911;0.749308002769487
3;"Apatura ilia";2020;21;"uBMS";24;2;0.210634283870766;0.2513;-0.0861049897406942;0.813360305025533
3;"Hipparchia fidia";2022;643;"uBMS";27;3;0.118919200844134;0.2513;-0.0861049897406942;0.813360305025533
3;"Carcharodus alceae";2021;275;"uBMS";21;3;0.246649368476812;0.2513;-0.0861049897406942;0.813360305025533
3;"Melanargia lachesis";2020;1268;"uBMS";25;2;0.2019450167707;0.2513;-0.0861049897406942;0.813360305025533
3;"Melanargia lachesis";2022;1083;"uBMS";26;1;0.126001154509301;0.2513;-0.0861049897406942;0.813360305025533
3;"Brintesia circe";2023;379;"uBMS";28;3;0.137400608251303;0.2513;-0.0861049897406942;0.813360305025533
3;"Pyrgus malvoides";2020;52;"uBMS";19;1;0.206896551724138;0.2513;-0.0861049897406942;0.813360305025533
3;"Melanargia lachesis";2018;1445;"uBMS";22;1;0.219163739704121;0.2513;-0.0861049897406942;0.813360305025533
3;"Danaus chrysippus";2019;3;"uBMS";NA;NA;0.2513;0.2513;-0.0861049897406942;0.813360305025533
3;"Hipparchia statilinus";2022;167;"uBMS";27;1;0.112580174451892;0.2513;-0.0861049897406942;0.813360305025533
3;"Thymelicus acteon";2023;301;"uBMS";28;1;0.164634057630699;0.2513;-0.0861049897406942;0.813360305025533
4;"Thymelicus acteon";2018;536;"uBMS";20;3;0.388864664060547;0.3175;-0.0178879011632543;0.877431471074356
4;"Pyronia sp";2023;4;"uBMS";28;1;0.189261657173139;0.3175;-0.0178879011632543;0.877431471074356
4;"Hipparchia fidia";2018;917;"uBMS";17;1;0.356564179456084;0.3175;-0.0178879011632543;0.877431471074356
4;"Pyrgus malvoides";2018;37;"uBMS";20;1;0.275862068965517;0.3175;-0.0178879011632543;0.877431471074356
4;"Favonius quercus";2018;352;"uBMS";17;1;0.284101923925941;0.3175;-0.0178879011632543;0.877431471074356
4;"Ochlodes sylvanus";2019;90;"uBMS";20;1;0.103448275862069;0.3175;-0.0178879011632543;0.877431471074356
5;"Favonius quercus";2019;229;"uBMS";21;1;0.224162080650053;0.3836;0.0503100603578788;0.941521764179485
5;"Maniola jurtina";2018;1947;"uBMS";20;3;0.284957069538808;0.3836;0.0503100603578788;0.941521764179485
5;"Lycaena phlaeas";2021;791.5;"uBMS";21;2;0.330615640034996;0.3836;0.0503100603578788;0.941521764179485
5;"Satyrium esculi";2018;11866;"uBMS";20;2;0.387650700650104;0.3836;0.0503100603578788;0.941521764179485
5;"Lycaenidae";2018;289;"uBMS";19;1;0.728156815747384;0.3836;0.0503100603578788;0.941521764179485
6;"Maniola jurtina";2022;1578;"uBMS";27;2;0.262125976379221;0.4498;0.118488629135061;1.00563145002857
6;"Satyrium esculi";2019;8594;"uBMS";18;2;0.188277258133267;0.4498;0.118488629135061;1.00563145002857
6;"Brintesia circe";2022;393;"uBMS";27;5;0.45502474770598;0.4498;0.118488629135061;1.00563145002857
6;"Melanargia lachesis";2023;682;"uBMS";28;3;0.187319788468573;0.4498;0.118488629135061;1.00563145002857
6;"Libythea celtis";2019;285;"uBMS";22;3;0.606295526702932;0.4498;0.118488629135061;1.00563145002857
6;"Aricia cramera";2022;475;"uBMS";27;4;0.319497294649595;0.4498;0.118488629135061;1.00563145002857
7;"Maniola jurtina";2020;3492;"uBMS";26;2;0.743966050992655;0.5159;0.186647537116053;1.06976079667384
7;"Pontia daplidice";2021;280.5;"uBMS";19;3;1.05301398135524;0.5159;0.186647537116053;1.06976079667384
7;"Glaucopsyche sp.";2023;7;"uBMS";NA;NA;0.5159;0.5159;0.186647537116053;1.06976079667384
7;"Limenitis reducta";2023;646;"uBMS";28;3;0.241379310344828;0.5159;0.186647537116053;1.06976079667384
7;"Satyrium esculi";2020;3562;"uBMS";25;2;0.228046246147468;0.5159;0.186647537116053;1.06976079667384
7;"Carcharodus alceae";2018;390;"uBMS";19;3;0.852486572914295;0.5159;0.186647537116053;1.06976079667384
8;"Celastrina argiolus";2018;321;"uBMS";22;6;0.874272741747643;0.582;0.254786513948387;1.13391007446776
8;"Hipparchia statilinus";2023;153;"uBMS";28;3;0.384276138860997;0.582;0.254786513948387;1.13391007446776
9;"Thymelicus acteon";2021;588;"uBMS";19;3;0.709531948677297;0.6482;0.322905287048718;1.1980795559937
9;"Gonepteryx rhamni";2021;320;"uBMS";21;3;0.723013019158571;0.6482;0.322905287048718;1.1980795559937
9;"Charaxes jasius";2021;126.5;"uBMS";19;3;0.841136504215221;0.6482;0.322905287048718;1.1980795559937
10;"Carcharodus alceae";2020;515;"uBMS";24;5;0.934224293899415;0.7143;0.391003581677324;1.26226951599135
10;"Celastrina argiolus";2021;501.5;"uBMS";20;7;1.1066085383881;0.7143;0.391003581677324;1.26226951599135
10;"Celastrina argiolus";2022;340;"uBMS";27;6;0.695823786969086;0.7143;0.391003581677324;1.26226951599135
10;"Pontia daplidice";2020;485;"uBMS";23;3;0.974524379106917;0.7143;0.391003581677324;1.26226951599135
10;"Aricia cramera";2018;763;"uBMS";20;6;1.19492496251038;0.7143;0.391003581677324;1.26226951599135
10;"Hipparchia statilinus";2020;220;"uBMS";23;1;1.78588070210966;0.7143;0.391003581677324;1.26226951599135
11;"Pontia daplidice";2018;587;"uBMS";20;3;0.966852462764958;0.7805;0.459081121017877;1.32648023127706
12;"Charaxes jasius";2018;229;"uBMS";17;4;1.07558872362752;0.8466;0.527137626262629;1.39071198065857
12;"Libythea celtis";2018;301;"uBMS";23;3;1.12885312171211;0.8466;0.527137626262629;1.39071198065857
12;"Hipparchia fidia";2023;870;"uBMS";28;3;0.547636152861438;0.8466;0.527137626262629;1.39071198065857
12;"Gonepteryx sp.";2021;631;"uBMS";21;4;1.35028354989433;0.8466;0.527137626262629;1.39071198065857
13;"Favonius quercus";2020;88;"uBMS";24;1;0.475158643874526;0.9128;0.595172816703157;1.45496504484431
14;"Lycaena phlaeas";2018;665;"uBMS";19;4;1.28968295428691;0.9789;0.663186409826767;1.51923970634696
14;"Pyronia bathseba";2018;3971;"uBMS";19;3;0.835881244501562;0.9789;0.663186409826767;1.51923970634696
15;"Lycaenidae";2019;278;"uBMS";20;2;1.64482405673113;1.045;0.731178121418707;1.58353624938128
15;"Carcharodus alceae";2022;391;"uBMS";27;7;0.984655448432146;1.045;0.731178121418707;1.58353624938128
15;"Lycaena phlaeas";2020;1090;"uBMS";24;3;0.782312012451966;1.045;0.731178121418707;1.58353624938128
15;"Gonepteryx rhamni";2022;238;"uBMS";27;8;0.738995984508892;1.045;0.731178121418707;1.58353624938128
16;"Thymelicus acteon";2019;686;"uBMS";20;3;1.03818433827713;1.1112;0.799147665670281;1.64785495975597
16;"Gonepteryx rhamni";2023;284;"uBMS";28;7;0.667268765387128;1.1112;0.799147665670281;1.64785495975597
16;"Pyronia bathseba";2023;1958;"uBMS";28;3;0.773647546468383;1.1112;0.799147665670281;1.64785495975597
16;"Pyronia sp";2022;16;"uBMS";27;3;0.817237450793498;1.1112;0.799147665670281;1.64785495975597
17;"Libythea celtis";2023;145;"uBMS";28;6;0.926790741991609;1.1773;0.867094755292978;1.71219612475954
19;"Pyronia sp";2019;19;"uBMS";20;3;0.474425605346598;1.3096;1.00292041482625;1.84094697447879
19;"Charaxes jasius";2019;155;"uBMS";21;5;1.36708071546565;1.3096;1.00292041482625;1.84094697447879
19;"Gonepteryx rhamni";2020;210;"uBMS";20;6;2.67766372235126;1.3096;1.00292041482625;1.84094697447879
21;"Carcharodus alceae";2019;347;"uBMS";22;5;1.90333315731254;1.4419;1.13865277683863;1.96979112171893
21;"Pyronia cecilia";2023;1372;"uBMS";28;3;0.83591265025339;1.4419;1.13865277683863;1.96979112171893
21;"Pyronia bathseba";2021;3482;"uBMS";19;2;2.24236996070006;1.4419;1.13865277683863;1.96979112171893
22;"Pyronia bathseba";2020;3326;"uBMS";24;4;1.58791226840472;1.5081;1.20648324096134;2.03424891222249
22;"Aricia cramera";2020;528;"uBMS";24;5;1.5151208021968;1.5081;1.20648324096134;2.03424891222249
24;"Celastrina argiolus";2019;487;"uBMS";21;6;1.98876964216756;1.6403;1.34207126848197;2.16323739395438
24;"Lycaena phlaeas";2022;753;"uBMS";27;10;1.41735706205652;1.6403;1.34207126848197;2.16323739395438
25;"Vanessa cardui";2020;344;"uBMS";25;7;1.26643071530835;1.7065;1.40982824368056;2.22776867338205
25;"Thymelicus acteon";2020;753;"uBMS";27;3;1.68016261176508;1.7065;1.40982824368056;2.22776867338205
25;"Lycaena phlaeas";2019;770;"uBMS";21;6;1.20405686112729;1.7065;1.40982824368056;2.22776867338205
25;"Lycaenidae";2021;292.5;"uBMS";21;5;3.5121498131259;1.7065;1.40982824368056;2.22776867338205
26;"Lycaena phlaeas";2023;1257;"uBMS";28;5;1.22329253519072;1.7726;1.47756013397434;2.29232503771453
27;"Euchloe crameri";2021;242;"uBMS";22;5;1.07932940578841;1.8388;1.54526664493063;2.35690678138451
30;"Charaxes jasius";2022;360;"uBMS";27;6;1.5557635706308;2.0372;1.748230961467;2.55080722872693
32;"Carcharodus alceae";2023;879;"uBMS";28;8;1.86982299524611;2.1695;1.8834082287316;2.68020647071486
32;"Gonepteryx cleopatra";2021;1182.5;"uBMS";21;8;2.88930793314339;2.1695;1.8834082287316;2.68020647071486
33;"Pyronia bathseba";2019;3503;"uBMS";19;3;2.36316709838444;2.2356;1.9509563049557;2.74494664911701
33;"Celastrina argiolus";2023;1056;"uBMS";28;14;1.72813792617756;2.2356;1.9509563049557;2.74494664911701
33;"Charaxes jasius";2020;372;"uBMS";24;7;1.91442192709546;2.2356;1.9509563049557;2.74494664911701
34;"Gonepteryx rhamni";2019;403;"uBMS";22;5;2.8569355987742;2.3018;2.01847695725206;2.80971425144691
34;"Gonepteryx rhamni";2018;392;"uBMS";24;6;5.23565921558624;2.3018;2.01847695725206;2.80971425144691
36;"Euchloe crameri";2023;338;"uBMS";28;5;1.90318938486712;2.4341;2.15343484298881;2.93933287496269
36;"Pyronia sp";2020;36;"uBMS";26;4;1.14462681980555;2.4341;2.15343484298881;2.93933287496269
36;"Gonepteryx sp.";2020;874;"uBMS";24;7;3.088185490252;2.4341;2.15343484298881;2.93933287496269
38;"Celastrina argiolus";2020;553;"uBMS";24;9;3.65363032528391;2.5664;2.28827961199803;3.069064615206
38;"Aricia cramera";2019;634;"uBMS";21;7;2.28125482471499;2.5664;2.28827961199803;3.069064615206
38;"Aricia cramera";2023;703;"uBMS";28;8;1.56650541185356;2.5664;2.28827961199803;3.069064615206
39;"Pyronia bathseba";2022;3050;"uBMS";27;7;1.84422922568476;2.6325;2.35565887721573;3.13397360461456
39;"Colias crocea";2021;1027.5;"uBMS";21;9;3.42721607707464;2.6325;2.35565887721573;3.13397360461456
40;"Euchloe crameri";2020;190;"uBMS";11;2;3.84479311106826;2.6987;2.42300902802986;3.19891170842669
40;"Vanessa cardui";2023;569;"uBMS";28;14;1.89464376502918;2.6987;2.42300902802986;3.19891170842669
40;"Lycaenidae";2020;576;"uBMS";24;9;3.4704225319168;2.6987;2.42300902802986;3.19891170842669
41;"Leptotes pirithous";2018;421;"uBMS";16;7;11.3925419276319;2.7648;2.49032979209066;3.26387919899216
42;"Euchloe crameri";2019;432;"uBMS";22;2;1.7655252943975;2.8309;2.55762090040128;3.32887634530779
43;"Charaxes jasius";2023;293;"uBMS";28;9;1.8576534195393;2.8971;2.62488208757564;3.3939034127597
48;"Gonepteryx sp.";2022;919;"uBMS";27;9;2.3479330311514;3.2278;2.96073020356574;3.71949656990091
49;"Pontia daplidice";2019;538;"uBMS";22;4;3.74505743272986;3.2939;3.02780652599482;3.7847085020981
49;"Pontia daplidice";2022;1367;"uBMS";27;10;2.52235017252035;3.2939;3.02780652599482;3.7847085020981
51;"Pyronia cecilia";2021;3104.5;"uBMS";20;3;2.77064437404319;3.4262;3.16186397668742;3.91522756065802
51;"Euchloe crameri";2018;560;"uBMS";22;4;2.8883782443964;3.4262;3.16186397668742;3.91522756065802
51;"Pyronia cecilia";2018;2598;"uBMS";20;2;3.44041155352278;3.4262;3.16186397668742;3.91522756065802
55;"Colias crocea";2019;1363;"uBMS";22;8;3.85713483319804;3.6908;3.42959195886925;4.17665259698123
56;"Euchloe crameri";2022;217;"uBMS";27;3;3.03564705227811;3.757;3.49644214163315;4.2420906688436
62;"Pieris brassicae";2021;295.5;"uBMS";21;6;4.73978551554836;4.1538;3.89684189228868;4.63542044594565
63;"Colias crocea";2023;975;"uBMS";28;14;3.41638846542263;4.22;3.96345679926531;4.70109379359528
68;"Pyronia cecilia";2022;2242;"uBMS";27;4;2.5440441966389;4.5507;4.2960160199016;5.0299758460903
72;"Vanessa cardui";2018;531;"uBMS";20;11;6.57427248881449;4.8153;4.56143924391904;5.29370564057791
74;"Lampides boeticus";2018;767;"uBMS";17;6;8.1280560633492;4.9476;4.6939413185474;5.42578007520207
75;"Vanessa atalanta";2020;238;"uBMS";22;16;8.9625413784791;5.0137;4.760139838114;5.49186981026173
77;"Papilio machaon";2021;402.5;"uBMS";21;8;4.60144851906621;5.146;4.89243176367441;5.62415439395386
78;"Pieris brassicae";2023;706;"uBMS";28;14;4.39589731833004;5.2121;4.95852516861368;5.69034924364085
87;"Colias crocea";2020;2966;"uBMS";24;14;7.76361799772453;5.8074;5.55179483930154;6.28767386458935
89;"Pontia daplidice";2023;2171;"uBMS";28;11;5.60250467495849;5.9397;5.68325145219105;6.42079376095236
90;"Vanessa atalanta";2019;231;"uBMS";22;15;6.42595022623785;6.0059;5.74892837683935;6.48740509093032
91;"Cacyreus marshalli";2021;132;"uBMS";21;14;10.8735537070012;6.072;5.81457121691911;6.55405050547683
93;"Gonepteryx cleopatra";2022;1682;"uBMS";27;17;4.75419489847669;6.2043;5.94575520565543;6.68744302599304
94;"Lycaenidae";2022;432;"uBMS";27;8;4.7363309545208;6.2704;6.0112966566282;6.75418982964652
95;"Pyronia cecilia";2019;3083;"uBMS";21;2;4.18478227522019;6.3366;6.07680462726461;6.82097011363637
95;"Iphiclides feisthamelii";2021;315;"uBMS";21;7;5.40372228532984;6.3366;6.07680462726461;6.82097011363637
101;"Vanessa atalanta";2023;284;"uBMS";28;24;6.411859795322;6.7334;6.46915949043309;7.22234477822547
102;"Pieris brassicae";2022;443;"uBMS";27;15;6.39472820250929;6.7996;6.53443831408273;7.28935420920209
104;"Gonepteryx cleopatra";2019;1629;"uBMS";20;10;6.86178164847793;6.9319;6.66490046923182;7.42346856330553
104;"Vanessa atalanta";2018;275;"uBMS";24;16;8.68736335694233;6.9319;6.66490046923182;7.42346856330553
106;"Colias crocea";2022;1246;"uBMS";27;18;6.7075427465513;7.0642;6.79523683947325;7.55770870231662
110;"Pararge aegeria";2023;2358;"uBMS";28;20;5.85731423852906;7.3287;7.05553999066613;7.8265585696288
112;"Vanessa cardui";2021;786.5;"uBMS";22;14;7.24281232444609;7.461;7.18551084400123;7.96116422554622
118;"Cacyreus marshalli";2018;172;"uBMS";17;10;14.8524772038655;7.8579;7.57472626027519;8.36567833702984
127;"Colias crocea";2018;1729;"uBMS";20;9;14.2241404817156;8.4532;8.15669674809634;8.97430214084505
143;"Papilio machaon";2023;705;"uBMS";28;9;6.64756248637171;9.5115;9.1864240343677;10.0611869285939
144;"Gonepteryx sp.";2023;1366;"uBMS";28;15;6.55260375653143;9.5776;9.25059564833732;10.1293035692505
154;"Papilio machaon";2018;871;"uBMS";22;11;13.7064508283709;10.2391;9.89124325563811;10.8115385082124
156;"Gonepteryx cleopatra";2018;2518;"uBMS";22;12;17.7245700744436;10.3714;10.0191532408382;10.9482050322648
157;"Lasiommata megera";2022;2677;"uBMS";27;12;8.73433497755435;10.4375;10.0830824331731;11.0165640945562
163;"Iphiclides feisthamelii";2022;693;"uBMS";27;14;9.22642211865682;10.8344;10.4663114886738;11.427064566813
163;"Pieris brassicae";2020;518;"uBMS";25;12;10.6840280716093;10.8344;10.4663114886738;11.427064566813
167;"Pieris brassicae";2019;729;"uBMS";22;14;12.507940100782;11.099;10.7214848232411;11.7010442507508
170;"Vanessa atalanta";2022;498;"uBMS";27;21;11.6261746813039;11.2974;10.9127106998794;11.9066831379913
183;"Cacyreus marshalli";2022;219;"uBMS";27;21;9.62328318901589;12.1573;11.739969970476;12.7991711775361
184;"Lasiommata megera";2021;2251;"uBMS";21;13;13.8641121312678;12.2234;11.8035194545857;12.8679099480526
184;"Papilio machaon";2022;706;"uBMS";27;17;9.62785413567891;12.2234;11.8035194545857;12.8679099480526
185;"Iphiclides feisthamelii";2018;696;"uBMS";22;10;18.1406987927342;12.2895;11.8670575550181;12.9366601022465
197;"Gonepteryx cleopatra";2020;1799;"uBMS";25;14;10.8628339407887;13.0833;12.6286846614284;13.7624920513513
199;"Pyronia cecilia";2020;4483;"uBMS";23;3;8.59040214324484;13.2156;12.7554839759061;13.9002692461262
201;"Cacyreus marshalli";2020;253;"uBMS";24;19;15.353200471977;13.3479;12.8822466889037;14.0380830423811
204;"Lasiommata megera";2023;3167;"uBMS";28;16;9.10900460468108;13.5463;13.0723243963207;14.2448700988429
207;"Iphiclides feisthamelii";2020;603;"uBMS";24;12;11.0627994957522;13.7447;13.2623254549157;14.4517338041267
208;"Vanessa atalanta";2021;448;"uBMS";18;16;23.8428763999302;13.8109;13.3256426679886;14.5207048456801
208;"Vanessa cardui";2019;1090;"uBMS";20;16;11.8961316701322;13.8109;13.3256426679886;14.5207048456801
216;"Papilio machaon";2020;1138;"uBMS";25;12;11.9781645472227;14.34;13.8319001277208;15.072753422958
224;"Polyommatus icarus";2018;2307;"uBMS";17;10;28.5366703827072;14.8692;14.337697204326;15.6252623833629
225;"Lampides boeticus";2021;746.5;"uBMS";19;12;18.5737278185475;14.9353;14.4008919416816;15.6943559006335
226;"Gonepteryx cleopatra";2023;2241;"uBMS";28;22;9.42055328721844;15.0015;14.4640803356316;15.7634557613097
226;"Cacyreus marshalli";2019;335;"uBMS";22;15;21.1188944997296;15.0015;14.4640803356316;15.7634557613097
237;"Vanessa cardui";2022;1010;"uBMS";27;21;13.0877480066787;15.729;15.1587576977331;16.5239492000972
243;"Pararge aegeria";2022;1869;"uBMS";27;21;16.3408593878137;16.1259;15.5373909266963;16.9390454988916
243;"Iphiclides feisthamelii";2019;605;"uBMS";22;9;11.9722573741766;16.1259;15.5373909266963;16.9390454988916
248;"Polyommatus icarus";2021;1801;"uBMS";21;9;14.1373040096399;16.4566;15.8527808623447;17.2850968363745
253;"Leptotes pirithous";2020;829;"uBMS";23;12;16.4672129597442;16.7874;16.16805396006;17.6312650117905
256;"Papilio machaon";2019;799;"uBMS";22;13;12.5317355352427;16.9858;16.3571647742365;17.8390189614928
269;"Iphiclides feisthamelii";2023;1202;"uBMS";28;17;11.3531845814686;17.8457;17.1762237307581;18.7397073151126
274;"Cacyreus marshalli";2023;344;"uBMS";28;20;11.0343229811371;18.1764;17.4910792158093;19.0862931031927
281;"Lampides boeticus";2019;741;"uBMS";22;12;17.5437881644882;18.6394;17.9317359200283;19.5716541813575
284;"Pararge aegeria";2021;2857;"uBMS";21;17;24.101812868634;18.8378;18.120541350506;19.7797135147586
299;"Polyommatus icarus";2020;3966;"uBMS";24;17;20.6841000161594;19.83;19.0641806037072;20.8203980809513
301;"Lasiommata megera";2018;3239;"uBMS";21;13;24.3763714667894;19.9623;19.189953895825;20.959201298086
323;"Polyommatus icarus";2023;1730;"uBMS";28;11;15.0910251523968;21.4174;20.5728504900362;22.4866463056526
333;"Lampides boeticus";2020;1116;"uBMS";23;14;20.320161023675;22.0789;21.2011121243019;23.1812672176495
336;"Leptotes pirithous";2021;923.5;"uBMS";19;12;24.9060647822699;22.2773;21.3895552973433;23.3896888084869
346;"Lampides boeticus";2023;1157;"uBMS";28;22;16.5227467893909;22.9388;22.017590207082;24.0845364450109
355;"Lampides boeticus";2022;1085;"uBMS";26;17;22.8151638100308;23.5341;22.5826881624172;24.710032781312
358;"Leptotes pirithous";2019;1139;"uBMS";22;15;25.3527994781543;23.7325;22.7710279800695;24.9185577275385
359;"Pararge aegeria";2018;2224;"uBMS";22;16;27.1151396755636;23.7986;22.8338051297416;24.9880688324927
405;"Polyommatus icarus";2022;1812;"uBMS";27;17;21.4867636234759;26.8413;25.7202529742115;28.1868807008309
406;"Pieris brassicae";2018;1762;"uBMS";19;14;44.4592376796193;26.9074;25.7829772840034;28.2564446456652
464;"Polyommatus icarus";2019;2795;"uBMS";21;13;25.8077263355323;30.7438;29.4196466250095;32.2924940729823
502;"Lasiommata megera";2020;4796;"uBMS";24;15;30.7544820633231;NA;NA;NA
572;"Pararge aegeria";2019;2539;"uBMS";21;19;43.8708108961294;NA;NA;NA
629;"Lycaenidae";2023;941;"uBMS";28;22;27.2724572169367;NA;NA;NA
634;"Lasiommata megera";2019;3488;"uBMS";22;12;32.8010829413258;NA;NA;NA
680;"Pieris rapae";2021;3760;"uBMS";21;21;65.8857436190878;NA;NA;NA
683;"Leptotes pirithous";2022;1275;"uBMS";24;20;40.8221655076134;NA;NA;NA
934;"Pieris rapae";2019;4498;"uBMS";22;22;87.047595565149;NA;NA;NA
960;"Leptotes pirithous";2023;2453;"uBMS";28;24;47.8621991267985;NA;NA;NA
1047;"Pieris rapae";2018;6375;"uBMS";21;20;120.895936771485;NA;NA;NA
1088;"Pararge aegeria";2020;4931;"uBMS";25;25;102.161409802081;NA;NA;NA
1378;"Pieris rapae";2020;7707;"uBMS";25;25;115.542681850751;NA;NA;NA
1480;"Pieris rapae";2023;10423;"uBMS";28;28;70.5750070563836;NA;NA;NA
1595;"Pieris rapae";2022;7556;"uBMS";27;27;97.8723642092558;NA;NA;NA
